98973436	20.10	21.12	102.01	2.93	
98976412	20.10	24.63	149.29	1.93	
98979368	20.10	21.08	98.38	2.86	
98982256	20.10	21.80	145.91	2.64	
98985272	20.10	21.10	134.89	2.82	
98988232	20.10	24.63	143.58	1.81	
98991208	20.10	21.12	92.38	2.73	
98994096	20.10	25.35	139.21	1.53	
98997044	20.10	21.13	78.17	2.64	
98999960	20.10	25.35	134.59	1.44	
99002928	20.10	21.08	73.68	2.57	
99005844	20.10	21.83	130.91	2.34	
99008780	20.10	24.63	119.45	1.53	
99011776	20.10	24.63	78.12	1.47	
99014700	20.10	21.75	74.78	2.21	
99017532	20.10	25.35	112.73	1.18	
99020564	20.10	24.47	60.16	1.35	
99023428	20.10	21.86	68.89	2.02	
99026308	20.10	21.78	103.01	2.02	
99029268	20.10	21.15	102.92	2.17	
99032264	20.10	21.10	110.62	2.17	
99035240	20.10	24.63	110.54	1.16	
99038208	20.10	21.12	59.36	2.08	
99041080	20.10	21.75	106.18	1.89	
99044104	20.10	21.10	96.56	2.05	
99046972	20.10	25.31	104.55	0.86	
99049940	20.10	21.18	43.74	1.94	
99052832	20.10	21.72	98.98	1.78	
99055704	20.10	21.77	90.55	1.74	
99058592	20.10	21.72	88.67	1.73	
99061480	20.10	21.77	88.22	1.69	
99064388	20.10	21.72	86.34	1.68	
99067276	20.10	21.77	85.88	1.65	
99070176	20.10	21.72	84.00	1.64	
99073096	20.10	25.24	83.53	0.63	
99075972	20.10	21.69	31.99	1.55	
99078836	20.10	21.92	79.08	1.46	
99081728	20.10	18.11	74.64	2.51	
99084616	20.10	21.75	127.76	1.51	
99087604	20.10	21.12	77.22	1.66	
99090488	20.10	21.75	84.91	1.48	
99093372	20.10	18.11	75.29	2.47	
99096260	20.10	21.75	126.08	1.48	
99099216	20.10	17.60	75.54	2.62	
99102132	20.10	21.74	133.66	1.50	
99105108	20.10	21.13	76.30	1.64	
99107980	20.10	18.11	83.76	2.47	
99110860	20.10	21.75	126.21	1.48	
99113860	20.10	21.12	75.67	1.63	
99116768	20.10	18.11	83.36	2.46	
99119644	20.10	21.75	125.71	1.47	
99122628	20.10	21.01	75.16	1.66	
99125504	20.10	18.21	84.47	2.43	
99128400	20.10	18.11	123.78	2.48	
99131364	20.10	17.60	126.63	2.65	
99134320	20.10	17.62	135.40	2.68	
99137316	20.10	17.48	136.88	2.76	
99140292	20.10	21.25	140.72	1.74	
99143268	45.00	17.60	88.78	5.00	
99146160	45.00	18.13	255.00	5.00	
99149132	45.00	17.60	255.00	5.00	
99152116	45.00	21.10	255.00	5.00	
99155088	45.00	21.12	255.00	5.00	
99158068	45.00	24.66	255.00	5.00	
99161036	45.00	24.63	255.00	5.00	
99163996	45.00	24.63	255.00	5.00	
99166988	45.00	24.63	255.00	5.00	
99169960	45.00	28.18	255.00	5.00	
99172936	45.00	28.16	255.00	5.00	
99175912	45.00	24.63	255.00	5.00	
99178868	45.00	28.16	255.00	5.00	
99181896	45.00	24.66	255.00	5.00	
99184824	45.00	28.14	255.00	5.00	
99187856	45.00	27.97	255.00	5.00	
99190792	45.00	24.83	255.00	5.00	
99193756	45.00	24.63	255.00	5.00	
99196712	45.00	24.63	255.00	5.00	
99199708	45.00	24.63	255.00	5.00	
99202688	45.00	24.66	255.00	5.00	
99205652	45.00	21.10	255.00	5.00	
99208640	45.00	24.63	255.00	5.00	
99211596	45.00	21.12	255.00	5.00	
99214572	45.00	21.13	255.00	5.00	
99217568	45.00	21.12	255.00	5.00	
99220540	45.00	21.10	255.00	5.00	
99223544	45.00	24.47	255.00	5.00	
99226520	45.00	17.74	255.00	5.00	
99229464	45.00	24.63	255.00	5.00	
99232440	45.00	21.10	255.00	5.00	
99235416	45.00	21.12	255.00	5.00	
99238364	45.00	21.13	255.00	5.00	
99241368	45.00	24.60	255.00	5.00	
99244344	45.00	21.15	255.00	5.00	
99247352	45.00	24.50	255.00	5.00	
99250324	45.00	24.60	255.00	5.00	
99253300	45.00	21.28	255.00	5.00	
99256240	45.00	28.16	255.00	5.00	
99259216	45.00	24.63	255.00	5.00	
99262168	45.00	28.18	255.00	5.00	
99265140	45.00	28.16	255.00	5.00	
99268144	45.00	28.14	255.00	5.00	
99271112	45.00	31.69	255.00	5.00	
99274088	45.00	28.18	255.00	5.00	
99277072	45.00	31.67	255.00	5.00	
99280080	45.00	31.67	255.00	5.00	
99283020	45.00	35.19	255.00	5.00	
99286028	45.00	35.24	255.00	5.00	
99289012	45.00	31.67	255.00	5.00	
99291980	45.00	38.55	255.00	5.00	
99294912	45.00	35.34	255.00	5.00	
99297888	45.00	35.24	255.00	5.00	
99300864	45.00	38.70	255.00	5.00	
99303840	45.00	38.70	255.00	5.00	
99306816	45.00	38.72	255.00	5.00	
99309796	45.00	38.75	255.00	5.00	
99312792	45.00	42.23	255.00	5.00	
99315772	45.00	38.70	255.00	5.00	
99318728	45.00	42.23	255.00	5.00	
99321688	45.00	42.29	255.00	5.00	
99324696	45.00	41.95	255.00	5.00	
99327672	45.00	38.96	255.00	5.00	
99330648	45.00	41.89	255.00	5.00	
99333620	45.00	45.80	255.00	5.00	
99336568	45.00	42.51	255.00	5.00	
99339544	45.00	42.29	255.00	5.00	
99342524	45.00	42.23	255.00	5.00	
99345496	45.00	42.29	255.00	5.00	
99348500	45.00	42.23	255.00	5.00	
99351492	45.00	42.23	255.00	5.00	
99354456	45.00	45.55	255.00	5.00	
99357404	45.00	42.46	255.00	5.00	
99360376	45.00	42.23	255.00	5.00	
99363356	45.00	42.23	255.00	5.00	
99366340	45.00	42.23	255.00	5.00	
99369340	45.00	38.75	255.00	5.00	
99372268	45.00	42.23	255.00	5.00	
99375248	45.00	42.23	255.00	5.00	
99378260	45.00	38.70	255.00	5.00	
99381192	45.00	42.29	255.00	5.00	
99384180	45.00	38.70	255.00	5.00	
99387136	45.00	42.23	255.00	5.00	
99390112	45.00	38.70	255.00	5.00	
99393096	45.00	38.67	255.00	5.00	
99396116	45.00	38.81	255.00	5.00	
99399064	45.00	42.23	255.00	5.00	
99402020	45.00	38.70	255.00	5.00	
99404992	45.00	38.75	255.00	5.00	
99407968	45.00	38.72	255.00	5.00	
99410996	45.00	38.70	255.00	5.00	
99413912	45.00	42.23	255.00	5.00	
99416888	45.00	38.75	255.00	5.00	
99419896	45.00	38.72	255.00	5.00	
99422872	45.00	42.21	255.00	5.00	
99425820	45.00	42.23	255.00	5.00	
99428836	45.00	41.95	255.00	5.00	
99431780	45.00	39.02	255.00	5.00	
99434772	45.00	42.23	255.00	5.00	
99437748	45.00	42.23	255.00	5.00	
99440748	45.00	42.29	255.00	5.00	
99443668	45.00	45.74	255.00	5.00	
99446640	45.00	42.23	255.00	5.00	
99449652	45.00	45.45	255.00	5.00	
99452636	45.00	42.57	255.00	5.00	
99455596	45.00	45.74	255.00	5.00	
99458572	45.00	45.76	255.00	5.00	
99461544	45.00	45.74	255.00	5.00	
99464540	45.00	45.80	255.00	5.00	
99467480	45.00	49.13	255.00	5.00	
99470480	45.00	45.88	255.00	5.00	
99473456	45.00	49.00	255.00	5.00	
99476420	45.00	46.04	255.00	5.00	
99479368	45.00	49.13	255.00	5.00	
99482372	45.00	45.88	255.00	5.00	
99485340	45.00	49.26	255.00	5.00	
99488324	45.00	49.33	255.00	5.00	
99491264	45.00	49.26	255.00	5.00	
99494248	45.00	49.07	255.00	5.00	
99497264	45.00	45.92	255.00	5.00	
99500220	45.00	49.33	255.00	5.00	
99503196	45.00	49.26	255.00	5.00	
99506152	45.00	49.00	255.00	5.00	
99509144	45.00	46.00	255.00	5.00	
99512140	45.00	49.33	255.00	5.00	
99515100	45.00	45.74	255.00	5.00	
99518040	45.00	49.26	255.00	5.00	
99521020	45.00	45.76	255.00	5.00	
99524024	45.00	45.80	255.00	5.00	
99527000	45.00	45.76	255.00	5.00	
99529976	45.00	45.74	255.00	5.00	
99532924	45.00	45.76	255.00	5.00	
99535928	45.00	42.23	255.00	5.00	
99538896	45.00	45.80	255.00	5.00	
99541844	45.00	45.74	255.00	5.00	
99544816	45.00	42.23	255.00	5.00	
99547816	45.00	42.29	255.00	5.00	
99550772	45.00	45.76	255.00	5.00	
99553764	45.00	42.21	255.00	5.00	
99556748	45.00	45.45	255.00	5.00	
99559692	45.00	42.57	255.00	5.00	
99562700	45.00	42.23	255.00	5.00	
99565648	45.00	45.67	255.00	5.00	
99568652	45.00	42.29	255.00	5.00	
99571592	45.00	45.80	255.00	5.00	
99574580	45.00	42.23	255.00	5.00	
99577540	45.00	45.76	255.00	5.00	
99580516	45.00	45.74	255.00	5.00	
99583540	45.00	45.57	255.00	5.00	
99586468	45.00	45.98	255.00	5.00	
99589496	45.00	45.76	255.00	5.00	
99592456	45.00	45.74	255.00	5.00	
99595424	45.00	49.00	255.00	5.00	
99598400	45.00	46.04	255.00	5.00	
99601336	45.00	49.26	255.00	5.00	
99604344	45.00	45.45	255.00	5.00	
99607296	45.00	49.66	255.00	5.00	
99610292	45.00	49.26	255.00	5.00	
99613272	45.00	49.13	255.00	5.00	
99616244	45.00	52.65	255.00	5.00	
99619220	45.00	49.60	255.00	5.00	
99622196	45.00	49.26	255.00	5.00	
99625140	45.00	52.77	255.00	5.00	
99628148	45.00	49.26	255.00	5.00	
99631128	45.00	49.33	255.00	5.00	
99634092	45.00	52.79	255.00	5.00	
99637072	45.00	52.42	255.00	5.00	
99640044	45.00	49.60	255.00	5.00	
99643000	45.00	49.33	255.00	5.00	
99645968	45.00	52.72	255.00	5.00	
99648964	45.00	49.33	255.00	5.00	
99651940	45.00	49.26	255.00	5.00	
99654924	45.00	49.33	255.00	5.00	
99657896	45.00	49.26	255.00	5.00	
99660876	45.00	49.26	255.00	5.00	
99663868	45.00	49.26	255.00	5.00	
99666820	45.00	45.82	255.00	5.00	
99669776	45.00	49.26	255.00	5.00	
99672768	45.00	45.74	255.00	5.00	
99675748	45.00	45.69	255.00	5.00	
99678688	45.00	49.40	255.00	5.00	
99681700	45.00	45.43	255.00	5.00	
99684680	45.00	45.74	255.00	5.00	
99687644	45.00	42.51	255.00	5.00	
99690624	45.00	45.82	255.00	5.00	
99693580	45.00	45.74	255.00	5.00	
99696540	45.00	45.76	255.00	5.00	
99699548	45.00	45.49	255.00	5.00	
99702516	45.00	42.51	255.00	5.00	
99705496	45.00	45.74	255.00	5.00	
99708452	45.00	45.76	255.00	5.00	
99711448	45.00	45.74	255.00	5.00	
99714396	45.00	45.82	255.00	5.00	
99717400	45.00	45.74	255.00	5.00	
99720376	45.00	45.76	255.00	5.00	
99723352	45.00	48.93	255.00	5.00	
99726320	45.00	46.11	255.00	5.00	
99729300	45.00	45.76	255.00	5.00	
99732268	45.00	49.26	255.00	5.00	
99735216	45.00	49.26	255.00	5.00	
99738184	45.00	49.33	255.00	5.00	
99741196	45.00	49.26	255.00	5.00	
99744156	45.00	49.26	255.00	5.00	
99747132	45.00	49.26	255.00	5.00	
99750124	45.00	52.84	255.00	5.00	
99753096	45.00	49.26	255.00	5.00	
99756048	45.00	52.79	255.00	5.00	
99759024	45.00	49.26	255.00	5.00	
99762020	45.00	52.79	255.00	5.00	
99764964	45.00	52.84	255.00	5.00	
99767936	45.00	49.26	255.00	5.00	
99770948	45.00	52.79	255.00	5.00	
99773924	45.00	52.84	255.00	5.00	
99776916	45.00	52.51	255.00	5.00	
99779876	45.00	49.53	255.00	5.00	
99782876	45.00	52.79	255.00	5.00	
99785804	45.00	49.33	255.00	5.00	
99788760	45.00	52.77	255.00	5.00	
99791756	45.00	49.26	255.00	5.00	
99794732	45.00	49.26	255.00	5.00	
99797716	45.00	49.33	255.00	5.00	
99800692	45.00	49.26	255.00	5.00	
99803668	45.00	49.26	255.00	5.00	
99806620	45.00	49.07	255.00	5.00	
99809624	45.00	46.00	255.00	5.00	
99812572	45.00	49.13	255.00	5.00	
99815576	45.00	45.86	255.00	5.00	
99818552	45.00	45.76	255.00	5.00	
99821544	45.00	45.80	255.00	5.00	
99824500	45.00	45.76	255.00	5.00	
99827476	45.00	45.74	255.00	5.00	
99830452	45.00	45.74	255.00	5.00	
99833424	45.00	48.87	255.00	5.00	
99836392	45.00	42.63	255.00	5.00	
99839348	45.00	49.07	255.00	5.00	
99842328	45.00	45.88	255.00	5.00	
99845296	45.00	45.86	255.00	5.00	
99848304	45.00	45.76	255.00	5.00	
99851276	45.00	45.74	255.00	5.00	
99854216	45.00	49.26	255.00	5.00	
99857224	45.00	45.82	255.00	5.00	
99860160	45.00	49.26	255.00	5.00	
99863172	45.00	45.74	255.00	5.00	
99866132	45.00	49.26	255.00	5.00	
99869116	45.00	49.26	255.00	5.00	
99872096	45.00	49.33	255.00	5.00	
99875068	45.00	49.26	255.00	5.00	
99878076	45.00	52.44	255.00	5.00	
99881028	45.00	49.66	255.00	5.00	
99883992	45.00	52.42	255.00	5.00	
99886956	45.00	49.60	255.00	5.00	
99889912	45.00	52.79	255.00	5.00	
99892920	45.00	49.33	255.00	5.00	
99895900	45.00	52.65	255.00	5.00	
99898868	45.00	52.91	255.00	5.00	
99901816	45.00	52.79	255.00	5.00	
99904844	45.00	52.42	255.00	5.00	
99907800	45.00	49.66	255.00	5.00	
99910772	45.00	52.79	255.00	5.00	
99913748	45.00	52.79	255.00	5.00	
99916720	45.00	49.33	255.00	5.00	
99919692	45.00	52.77	255.00	5.00	
99922672	45.00	49.26	255.00	5.00	
99925644	45.00	52.79	255.00	5.00	
99928608	45.00	49.33	255.00	5.00	
99931580	45.00	49.26	255.00	5.00	
99934556	45.00	49.26	255.00	5.00	
99937548	45.00	49.26	255.00	5.00	
99940492	45.00	49.26	255.00	5.00	
99943504	45.00	45.80	255.00	5.00	
99946440	45.00	49.26	255.00	5.00	
99949460	45.00	45.76	255.00	5.00	
99952392	45.00	49.26	255.00	5.00	
99955364	45.00	45.80	255.00	5.00	
99958376	45.00	45.69	255.00	5.00	
99961344	45.00	45.80	255.00	5.00	
99964320	45.00	48.93	255.00	5.00	
99967280	45.00	45.94	255.00	5.00	
99970248	45.00	45.92	255.00	5.00	
99973256	45.00	45.76	255.00	5.00	
99976232	45.00	45.80	255.00	5.00	
99979176	45.00	49.00	255.00	5.00	
99982136	45.00	45.98	255.00	5.00	
99985144	45.00	45.76	255.00	5.00	
99988088	45.00	49.33	255.00	5.00	
99991100	45.00	45.43	255.00	5.00	
99994068	45.00	49.60	255.00	5.00	
99997044	45.00	49.26	255.00	5.00	
100000024	45.00	49.33	255.00	5.00	
100003088	45.00	47.91	255.00	5.00	
100006148	45.00	51.34	255.00	5.00	
100009212	45.00	51.21	255.00	5.00	
100012264	45.00	51.05	255.00	5.00	
100015304	45.00	48.29	255.00	5.00	
100018384	45.00	51.34	255.00	5.00	
100021468	45.00	51.32	255.00	5.00	
100024472	45.00	54.77	255.00	5.00	
100027580	45.00	51.32	255.00	5.00	
100030624	45.00	51.34	255.00	5.00	
100033688	45.00	51.32	255.00	5.00	
100036788	45.00	54.33	255.00	5.00	
100039820	45.00	51.75	255.00	5.00	
100042868	45.00	51.34	255.00	5.00	
100045896	45.00	51.32	255.00	5.00	
100048984	45.00	54.33	255.00	5.00	
100052012	45.00	48.23	255.00	5.00	
100055104	45.00	51.41	255.00	5.00	
100058164	45.00	51.34	255.00	5.00	
100061244	45.00	51.32	255.00	5.00	
100064284	45.00	47.91	255.00	5.00	
100067312	45.00	51.34	255.00	5.00	
100070396	45.00	47.91	255.00	5.00	
100073460	45.00	47.91	255.00	5.00	
100076516	45.00	47.91	255.00	5.00	
100079580	45.00	47.85	255.00	5.00	
100082644	45.00	47.97	255.00	5.00	
100085664	45.00	47.91	255.00	5.00	
100088764	45.00	44.48	255.00	5.00	
100091820	45.00	47.91	255.00	5.00	
100094848	45.00	47.91	255.00	5.00	
100097940	45.00	44.44	255.00	5.00	
100101000	45.00	47.97	255.00	5.00	
100104056	45.00	47.54	255.00	5.00	
100107120	45.00	44.83	255.00	5.00	
100110168	45.00	47.91	255.00	5.00	
100113208	45.00	47.91	255.00	5.00	
100116272	45.00	47.85	255.00	5.00	
100119360	45.00	47.60	255.00	5.00	
100122392	45.00	48.16	255.00	5.00	
100125500	45.00	48.06	255.00	5.00	
100128540	45.00	47.91	255.00	5.00	
100131600	45.00	50.92	255.00	5.00	
100134660	45.00	48.29	255.00	5.00	
100137696	45.00	51.21	255.00	5.00	
100140768	45.00	48.04	255.00	5.00	
100143836	45.00	51.32	255.00	5.00	
100146904	45.00	51.34	255.00	5.00	
100149956	45.00	51.27	255.00	5.00	
100153016	45.00	51.39	255.00	5.00	
100156100	45.00	54.40	255.00	5.00	
100159144	45.00	51.61	255.00	5.00	
100162196	45.00	51.39	255.00	5.00	
100165256	45.00	51.34	255.00	5.00	
100168340	45.00	54.75	255.00	5.00	
100171376	45.00	51.34	255.00	5.00	
100174408	45.00	51.32	255.00	5.00	
100177516	45.00	54.42	255.00	4.99	
100180584	45.00	51.52	254.37	5.00	
100183592	45.00	51.48	255.00	5.00	
100186676	45.00	47.91	255.00	5.00	
100189724	45.00	51.32	255.00	5.00	
100192804	45.00	47.91	255.00	5.00	
100195832	45.00	51.27	255.00	5.00	
100198920	45.00	47.97	255.00	5.00	
100201976	45.00	47.91	255.00	5.00	
100205040	45.00	47.91	255.00	5.00	
100208096	45.00	47.91	255.00	5.00	
100211128	45.00	47.91	255.00	5.00	
100214188	45.00	47.91	255.00	5.00	
100217252	45.00	47.91	255.00	5.00	
100220344	45.00	44.50	255.00	5.00	
100223400	45.00	47.91	255.00	5.00	
100226440	45.00	47.72	255.00	5.00	
100229520	45.00	44.65	255.00	5.00	
100232552	45.00	47.91	255.00	5.00	
100235608	45.00	47.91	255.00	5.00	
100238672	45.00	47.85	255.00	5.00	
100241764	45.00	44.56	255.00	5.00	
100244824	45.00	47.91	255.00	5.00	
100247884	45.00	47.91	255.00	5.00	
100250944	45.00	47.91	255.00	5.00	
100253980	45.00	51.25	255.00	4.65	
100257032	45.00	47.97	237.00	5.00	
100260124	45.00	47.91	255.00	5.00	
100263168	45.00	51.14	255.00	4.50	
100266240	45.00	48.10	229.45	5.00	
100269308	45.00	51.25	255.00	4.33	
100272364	45.00	47.97	220.85	5.00	
100275428	45.00	51.34	255.00	4.17	
100278480	45.00	51.34	212.62	4.07	
100281536	45.00	50.92	207.82	4.10	
100284600	45.00	48.29	209.04	4.75	
100287660	45.00	51.01	242.29	3.94	
100290720	45.00	48.23	200.84	4.63	
100293776	45.00	47.91	236.16	4.67	
100296812	45.00	51.27	238.25	3.68	
100299908	45.00	47.97	187.92	4.52	
100302964	45.00	47.91	230.46	4.49	
100306024	45.00	47.91	229.12	4.45	
100309084	45.00	50.92	226.92	3.56	
100312116	45.00	48.16	181.57	4.25	
100315172	45.00	48.04	216.64	4.24	
100318244	45.00	47.66	216.06	4.30	
100321324	45.00	44.73	219.15	5.00	
100324396	45.00	47.91	255.00	4.19	
100327444	45.00	44.48	213.76	5.00	
100330492	45.00	47.91	255.00	4.16	
100333560	45.00	44.50	211.96	5.00	
100336600	45.00	47.91	255.00	4.12	
100339676	45.00	44.48	210.13	5.00	
100342740	45.00	47.54	255.00	4.19	
100345776	45.00	44.68	213.67	4.96	
100348824	45.00	44.65	252.75	4.97	
100351888	45.00	44.42	253.28	5.00	
100354976	45.00	44.56	255.00	5.00	
100358044	45.00	44.48	255.00	5.00	
100361068	45.00	47.91	255.00	4.08	
100364156	45.00	44.44	208.08	5.00	
100367224	45.00	47.97	255.00	4.03	
100370248	45.00	47.91	205.41	4.00	
100373336	45.00	44.42	204.08	4.94	
100376396	45.00	44.56	251.85	4.91	
100379444	45.00	47.54	250.33	4.08	
100382488	45.00	44.83	208.00	4.80	
100385576	45.00	44.50	244.84	4.90	
100388608	45.00	47.91	249.71	3.95	
100391700	45.00	44.48	201.24	4.87	
100394736	45.00	47.85	248.18	3.93	
100397816	45.00	47.60	200.33	3.96	
100400876	45.00	44.85	201.75	4.69	
100403940	45.00	47.91	239.14	3.83	
100406968	45.00	47.91	195.44	3.79	
100410028	45.00	47.79	193.24	3.78	
100413116	45.00	44.60	192.84	4.64	
100416144	45.00	47.91	236.40	3.71	
100419240	45.00	44.50	189.25	4.63	
100422280	45.00	47.72	235.90	3.73	
100425328	45.00	44.65	190.10	4.55	
100428416	45.00	44.42	231.99	4.62	
100431480	45.00	47.68	235.59	3.71	
100434508	45.00	44.77	189.35	4.49	
100437604	45.00	44.36	228.98	4.61	
100440644	45.00	47.91	235.01	3.62	
100443696	45.00	44.62	184.69	4.50	
100446780	45.00	44.48	229.67	4.55	
100449844	45.00	44.50	231.91	4.55	
100452904	45.00	47.54	232.02	3.70	
100455928	45.00	44.83	188.89	4.43	
100458988	45.00	44.50	225.73	4.52	
100462048	45.00	44.48	230.60	4.53	
100465136	45.00	41.02	231.26	5.00	
100468200	45.00	44.54	255.00	4.58	
100471228	45.00	44.50	233.83	4.60	
100474288	45.00	44.48	234.73	4.62	
100477392	45.00	41.07	235.39	5.00	
100480412	45.00	44.50	255.00	4.68	
100483472	45.00	44.48	238.47	4.69	
100486540	45.00	44.38	239.14	4.72	
100489616	45.00	41.16	240.90	5.00	
100492652	45.00	44.50	255.00	4.76	
100495704	45.00	44.48	242.60	4.77	
100498796	45.00	41.07	243.26	5.00	
100501864	45.00	44.50	255.00	4.83	
100504892	45.00	44.42	246.34	4.86	
100507956	45.00	44.56	247.83	4.83	
100511012	45.00	44.48	246.32	4.86	
100514080	45.00	44.48	247.77	4.87	
100517132	45.00	44.50	248.16	4.87	
100520192	45.00	44.48	248.27	4.88	
100523256	45.00	44.50	248.93	4.88	
100526316	45.00	44.36	249.04	4.93	
100529372	45.00	44.62	251.37	4.87	
100532432	45.00	44.48	248.23	4.91	
100535524	45.00	44.50	250.48	4.91	
100538580	45.00	47.54	250.58	4.07	
100541612	45.00	44.83	207.45	4.79	
100544708	45.00	44.48	244.29	4.89	
100547768	45.00	44.50	249.46	4.89	
100550792	45.00	47.91	249.56	3.94	
100553908	45.00	44.48	201.12	4.86	
100556964	45.00	44.50	248.05	4.87	
100560004	45.00	47.54	248.16	4.02	
100563032	45.00	44.83	205.03	4.74	
100566124	45.00	44.50	241.87	4.84	
100569180	45.00	44.48	246.75	4.85	
100572244	45.00	47.66	247.41	3.97	
100575324	45.00	44.73	202.24	4.75	
100578364	45.00	44.48	242.16	4.82	
100581404	45.00	47.91	246.00	3.87	
100584456	45.00	44.50	197.25	4.78	
100587540	45.00	44.48	243.90	4.80	
100590624	45.00	44.48	244.56	4.80	
100593656	45.00	44.50	244.96	4.81	
100596696	45.00	47.79	245.07	3.89	
100599752	45.00	44.54	198.40	4.76	
100602808	45.00	44.56	242.80	4.76	
100605868	45.00	44.48	242.86	4.79	
100608928	45.00	44.44	244.31	4.81	
100612004	45.00	44.19	245.25	4.89	
100615100	45.00	41.39	249.26	5.00	
100618108	45.00	44.48	255.00	4.87	
100621168	45.00	44.50	248.45	4.87	
100624228	45.00	44.42	248.56	4.90	
100627320	45.00	44.27	250.05	4.95	
100630396	45.00	41.34	252.69	5.00	
100633440	45.00	44.48	255.00	4.96	
100636472	45.00	44.50	252.97	4.96	
100639560	45.00	44.48	253.08	4.98	
100642616	45.00	44.48	253.74	4.98	
100645648	45.00	44.50	254.14	4.99	
100648708	45.00	44.48	254.24	5.00	
100651776	45.00	44.50	254.91	5.00	
100654860	45.00	44.48	255.00	5.00	
100657920	45.00	44.50	255.00	5.00	
100660980	45.00	47.60	255.00	4.15	
100664008	45.00	44.77	211.77	4.91	
100667100	45.00	44.44	250.29	5.00	
100670176	45.00	44.54	255.00	4.99	
100673200	45.00	47.66	254.25	4.12	
100676256	45.00	44.73	209.87	4.90	
100679344	45.00	44.48	249.79	4.97	
100682368	45.00	47.91	253.63	4.02	
100685428	45.00	44.48	204.90	4.94	
100688516	45.00	47.54	251.84	4.09	
100691604	45.00	44.79	208.44	4.82	
100694624	45.00	44.54	245.84	4.89	
100697724	45.00	47.85	249.64	3.97	
100700760	45.00	47.54	202.57	4.02	
100703820	45.00	44.91	204.86	4.72	
100706856	45.00	47.85	240.57	3.89	
100709940	45.00	44.54	198.58	4.78	
100712972	45.00	47.79	243.83	3.88	
100716060	45.00	44.62	197.68	4.72	
100719120	45.00	44.48	240.96	4.77	
100722144	45.00	47.91	243.21	3.81	
100725240	45.00	47.54	194.47	3.87	
100728300	45.00	44.79	197.61	4.61	
100731360	45.00	47.60	235.00	3.82	
100734392	45.00	44.77	194.96	4.58	
100737448	45.00	44.56	233.48	4.64	
100740508	45.00	44.48	236.73	4.67	
100743600	45.00	44.50	238.18	4.67	
100746656	45.00	44.48	238.29	4.69	
100749740	45.00	44.42	238.95	4.71	
100752776	45.00	44.56	240.18	4.68	
100755836	45.00	47.54	238.66	3.85	
100758896	45.00	44.48	196.32	4.67	
100761960	45.00	44.56	238.20	4.66	
100765008	45.00	41.34	237.47	5.00	
100768104	45.00	44.48	255.00	4.74	
100771140	45.00	44.50	241.67	4.74	
100774204	45.00	44.48	241.78	4.75	
100777232	45.00	44.48	242.44	4.76	
100780292	45.00	44.44	242.83	4.78	
100783380	45.00	44.54	243.77	4.76	
100786412	45.00	44.50	242.81	4.78	
100789524	45.00	44.48	243.71	4.79	
100792536	45.00	44.50	244.38	4.79	
100795592	45.00	44.48	244.49	4.81	
100798684	45.00	44.50	245.15	4.81	
100801748	45.00	44.48	245.26	4.82	
100804820	45.00	47.54	245.92	3.97	
100807864	45.00	44.50	202.50	4.79	
100810928	45.00	44.83	244.09	4.70	
100813988	45.00	44.48	239.72	4.80	
100817044	45.00	44.50	244.88	4.80	
100820080	45.00	47.91	244.99	3.85	
100823164	45.00	44.48	196.52	4.77	
100826224	45.00	44.50	243.45	4.78	
100829252	45.00	47.91	243.56	3.83	
100832348	45.00	44.48	195.09	4.75	
100835400	45.00	44.50	242.02	4.75	
100838432	45.00	47.91	242.13	3.80	
100841524	45.00	44.48	193.68	4.72	
100844584	45.00	44.50	240.62	4.72	
100847608	45.00	47.91	240.72	3.77	
100850704	45.00	44.48	192.26	4.69	
100853768	45.00	44.50	239.19	4.69	
100856784	45.00	47.91	239.30	3.74	
100859876	45.00	44.48	190.83	4.66	
100862928	45.00	47.54	237.77	3.81	
100865976	45.00	44.83	194.36	4.53	
100869048	45.00	44.50	231.20	4.63	
100872116	45.00	44.48	236.08	4.64	
100875176	45.00	44.15	236.74	4.74	
100878240	45.00	47.91	241.81	3.70	
100881268	45.00	44.83	188.65	4.52	
100884336	45.00	44.50	230.55	4.62	
100887384	45.00	44.48	235.43	4.63	
100890448	45.00	44.50	236.09	4.63	
100893508	45.00	44.48	236.20	4.64	
100896576	45.00	44.48	236.86	4.65	
100899628	45.00	44.50	237.26	4.65	
100902692	45.00	44.36	237.36	4.70	
100905784	45.00	41.18	239.68	5.00	
100908840	45.00	44.50	255.00	4.73	
100911872	45.00	44.48	241.10	4.74	
100914928	45.00	44.50	241.76	4.74	
100917984	45.00	44.48	241.87	4.76	
100921080	45.00	44.13	242.53	4.86	
100924124	45.00	41.39	247.88	5.00	
100927172	45.00	44.50	255.00	4.82	
100930228	45.00	44.48	245.99	4.84	
100933288	45.00	44.50	246.65	4.84	
100936376	45.00	44.48	246.76	4.85	
100939436	45.00	41.07	247.42	5.00	
100942512	45.00	44.13	255.00	5.00	
100945560	45.00	44.85	255.00	4.83	
100948636	45.00	44.48	246.12	4.93	
100951680	45.00	44.50	251.55	4.93	
100954712	45.00	47.91	251.66	3.98	
100957800	45.00	44.48	203.19	4.90	
100960860	45.00	44.38	250.13	4.94	
100963924	45.00	44.48	251.90	4.92	
100966984	45.00	44.62	250.98	4.89	
100970020	45.00	47.91	249.42	3.97	
100973072	45.00	44.48	202.53	4.89	
100976156	45.00	44.50	249.46	4.89	
100979200	45.00	47.72	249.57	4.00	
100982276	45.00	44.65	203.78	4.82	
100985336	45.00	44.48	245.66	4.87	
100988368	45.00	47.85	248.43	3.93	
100991444	45.00	44.56	200.59	4.81	
100994496	45.00	47.72	245.56	3.93	
100997604	45.00	44.65	200.57	4.75	
101000636	45.00	47.54	242.46	3.95	
101003732	45.00	44.79	201.43	4.68	
101006756	45.00	44.54	238.83	4.76	
101009792	45.00	47.85	242.63	3.83	
101012876	45.00	44.56	195.58	4.72	
101015924	45.00	47.54	240.54	3.89	
101018968	45.00	44.83	198.21	4.61	
101022056	45.00	44.50	235.05	4.70	
101025104	45.00	44.48	239.92	4.72	
101028152	45.00	44.50	240.59	4.72	
101031220	45.00	44.48	240.69	4.73	
101034288	45.00	44.48	241.36	4.74	
101037332	45.00	44.50	241.75	4.74	
101040424	45.00	44.48	241.86	4.76	
101043452	45.00	44.50	242.53	4.76	
101046512	45.00	44.48	242.63	4.77	
101049572	45.00	44.44	243.30	4.79	
101052660	45.00	44.19	244.23	4.87	
101055724	45.00	41.39	248.25	5.00	
101058788	45.00	44.42	255.00	4.87	
101061840	45.00	44.56	248.26	4.84	
101064876	45.00	44.42	246.75	4.88	
101067932	45.00	44.56	249.03	4.85	
101071000	45.00	44.48	247.52	4.88	
101074056	45.00	44.50	248.97	4.88	
101077140	45.00	44.42	249.08	4.91	
101080172	45.00	44.56	250.58	4.88	
101083260	45.00	44.48	249.06	4.91	
101086324	45.00	44.48	250.52	4.92	
101089384	45.00	44.50	250.91	4.92	
101092412	45.00	47.85	251.02	3.99	
101095476	45.00	44.54	203.46	4.88	
101098564	45.00	44.50	248.71	4.89	
101101620	45.00	47.54	249.61	4.05	
101104656	45.00	44.83	206.49	4.77	
101107748	45.00	44.50	243.33	4.87	
101110804	45.00	44.48	248.20	4.88	
101113844	45.00	47.54	248.87	4.03	
101116888	45.00	44.85	205.47	4.75	
101119968	45.00	44.48	242.02	4.85	
101123036	45.00	47.54	247.46	4.00	
101126068	45.00	44.85	204.06	4.72	
101129156	45.00	44.48	240.61	4.82	
101132184	45.00	47.91	246.04	3.87	
101135276	45.00	44.48	197.32	4.79	
101138312	45.00	47.93	244.26	3.83	
101141396	45.00	44.48	195.23	4.75	
101144448	45.00	44.42	242.44	4.78	
101147488	45.00	47.97	243.66	3.79	
101150584	45.00	44.50	193.24	4.72	
101153636	45.00	44.13	240.74	4.83	
101156668	45.00	48.29	246.36	3.68	
101159772	45.00	44.50	187.52	4.69	
101162824	45.00	47.91	239.31	3.74	
101165848	45.00	44.48	190.82	4.66	
101168928	45.00	44.50	237.76	4.66	
101171996	45.00	44.48	237.86	4.68	
101175060	45.00	44.44	238.53	4.70	
101178088	45.00	44.54	239.47	4.68	
101181148	45.00	44.48	238.51	4.70	
101184208	45.00	44.50	239.69	4.70	
101187268	45.00	44.42	239.80	4.73	
101190328	45.00	44.56	241.29	4.70	
101193404	45.00	41.07	239.77	5.00	
101196480	45.00	44.48	255.00	4.79	
101199540	45.00	44.50	244.19	4.79	
101202596	45.00	44.48	244.30	4.80	
101205632	45.00	44.48	244.96	4.81	
101208696	45.00	44.50	245.35	4.81	
101211748	45.00	44.48	245.46	4.83	
101214808	45.00	44.50	246.12	4.83	
101217868	45.00	44.48	246.23	4.84	
101220936	45.00	44.38	246.89	4.88	
101223996	45.00	44.48	248.66	4.86	
101227080	45.00	44.21	247.75	4.94	
101230112	45.00	44.83	251.99	4.78	
101233168	45.00	44.56	243.70	4.86	
101236232	45.00	44.48	247.74	4.89	
101239284	45.00	44.42	249.19	4.91	
101242380	45.00	44.56	250.42	4.88	
101245436	45.00	44.48	248.90	4.91	
101248476	45.00	47.66	250.35	4.02	
101251536	45.00	44.73	205.19	4.81	
101254636	45.00	44.42	245.11	4.90	
101257680	45.00	44.56	249.78	4.87	
101260712	45.00	47.91	248.26	3.93	
101263796	45.00	44.48	200.59	4.85	
101266864	45.00	47.54	247.52	4.00	
101269888	45.00	44.85	204.11	4.72	
101272980	45.00	44.48	240.66	4.83	
101276036	45.00	44.48	246.09	4.83	
101279088	45.00	44.15	246.49	4.93	
101282124	45.00	48.29	251.55	3.78	
101285216	45.00	44.48	193.00	4.81	
101288252	45.00	47.91	245.07	3.85	
101291348	45.00	44.50	196.34	4.76	
101294384	45.00	47.79	242.99	3.85	
101297464	45.00	44.60	196.30	4.70	
101300496	45.00	47.91	239.87	3.78	
101303584	45.00	44.44	192.71	4.71	
101306620	45.00	47.85	240.19	3.76	
101309676	45.00	44.60	191.84	4.63	
101312764	45.00	44.50	236.25	4.67	
101315820	45.00	44.48	237.94	4.68	
101318860	45.00	47.72	238.61	3.78	
101321912	45.00	44.68	192.55	4.59	
101324972	45.00	44.48	234.15	4.65	
101328040	45.00	44.50	237.19	4.65	
101331100	45.00	44.31	237.30	4.71	
101334184	45.00	41.18	240.45	5.00	
101337244	45.00	44.54	255.00	4.72	
101340272	45.00	44.50	240.53	4.73	
101343332	45.00	44.48	241.43	4.75	
101346440	45.00	44.15	242.09	4.85	
101349480	45.00	41.39	247.16	5.00	
101352516	45.00	44.48	255.00	4.82	
101355572	45.00	44.48	245.83	4.83	
101358660	45.00	44.15	246.21	4.93	
101361740	45.00	41.39	251.28	5.00	
101364784	45.00	44.48	255.00	4.90	
101367844	45.00	44.44	249.96	4.92	
101370900	45.00	44.54	250.90	4.90	
101373976	45.00	44.44	249.94	4.93	
101377008	45.00	47.60	251.67	4.06	
101380048	45.00	44.83	206.87	4.80	
101383112	45.00	44.48	244.55	4.90	
101386168	45.00	44.50	249.71	4.90	
101389256	45.00	44.48	249.82	4.91	
101392320	45.00	44.50	250.48	4.91	
101395348	45.00	47.91	250.59	3.96	
101398436	45.00	44.48	202.13	4.88	
101401480	45.00	47.66	249.06	4.00	
101404528	45.00	44.73	203.90	4.78	
101407620	45.00	44.48	243.81	4.86	
101410648	45.00	47.85	247.65	3.92	
101413704	45.00	44.56	199.83	4.80	
101416816	45.00	44.48	244.79	4.83	
101419824	45.00	47.91	246.25	3.87	
101422916	45.00	44.44	197.53	4.80	
101425952	45.00	47.91	245.01	3.84	
101429036	45.00	44.54	195.75	4.74	
101432072	45.00	47.85	241.85	3.82	
101435128	45.00	44.48	194.80	4.72	
101438236	45.00	44.56	240.89	4.71	
101441276	45.00	44.42	240.16	4.75	
101444304	45.00	47.97	242.44	3.77	
101447396	45.00	44.50	192.03	4.70	
101450448	45.00	44.48	239.52	4.71	
101453516	45.00	47.66	240.19	3.82	
101456552	45.00	44.62	195.02	4.64	
101459608	45.00	44.54	236.61	4.67	
101462668	45.00	44.56	238.02	4.67	
101465760	45.00	44.48	238.08	4.70	
101468792	45.00	44.50	239.54	4.70	
101471848	45.00	44.48	239.65	4.71	
101474924	45.00	44.42	240.31	4.74	
101477968	45.00	44.56	241.54	4.71	
101481028	45.00	44.42	240.02	4.75	
101484120	45.00	44.27	242.30	4.80	
101487184	45.00	41.34	244.94	5.00	
101490264	45.00	44.48	255.00	4.81	
101493300	45.00	44.50	245.22	4.81	
101496356	45.00	44.48	245.32	4.82	
101499392	45.00	44.42	245.99	4.85	
101502456	45.00	44.56	247.21	4.82	
101505508	45.00	44.42	245.70	4.86	
101508568	45.00	44.56	247.98	4.83	
101511628	45.00	44.48	246.47	4.86	
101514716	45.00	44.15	247.92	4.96	
101517748	45.00	44.83	252.99	4.78	
101520840	45.00	44.21	243.91	4.96	
101523872	45.00	44.77	252.93	4.81	
101526928	45.00	44.48	245.48	4.90	
101529988	45.00	44.44	249.84	4.92	
101533048	45.00	44.48	250.78	4.91	
101536140	45.00	44.56	250.65	4.90	
101539200	45.00	47.66	249.93	4.04	
101542224	45.00	44.71	205.81	4.82	
101545316	45.00	44.50	246.01	4.89	
101548352	45.00	47.85	249.29	3.96	
101551440	45.00	44.54	201.72	4.84	
101554500	45.00	47.54	246.97	4.01	
101557588	45.00	44.85	204.34	4.72	
101560624	45.00	44.42	240.90	4.85	
101563688	45.00	44.50	247.17	4.83	
101566716	45.00	47.97	246.48	3.87	
101569804	45.00	44.48	197.12	4.80	
101572856	45.00	44.42	244.90	4.83	
101575892	45.00	47.97	246.13	3.84	
101578984	45.00	44.44	195.70	4.78	
101582040	45.00	44.54	244.03	4.77	
101585072	45.00	47.91	243.07	3.83	
101588164	45.00	44.50	195.13	4.74	
101591208	45.00	47.72	241.77	3.84	
101594260	45.00	44.65	195.98	4.66	
101597348	45.00	44.50	237.86	4.71	
101600404	45.00	44.48	240.35	4.73	
101603484	45.00	44.50	241.01	4.73	
101606520	45.00	44.48	241.12	4.74	
101609604	45.00	44.50	241.78	4.74	
101612644	45.00	44.48	241.89	4.76	
101615700	45.00	47.54	242.55	3.91	
101618768	45.00	44.48	199.16	4.73	
101621824	45.00	44.50	241.03	4.73	
101624880	45.00	41.39	241.14	5.00	
101627948	45.00	44.48	255.00	4.79	
101630968	45.00	44.50	244.50	4.80	
101634036	45.00	44.31	244.61	4.86	
101637144	45.00	41.23	247.76	5.00	
101640184	45.00	44.48	255.00	4.88	
101643208	45.00	44.50	248.64	4.88	
101646304	45.00	44.48	248.75	4.89	
101649360	45.00	44.50	249.42	4.89	
101652384	45.00	44.48	249.53	4.91	
101655448	45.00	44.50	250.19	4.91	
101658508	45.00	44.48	250.30	4.92	
101661596	45.00	44.50	250.96	4.92	
101664648	45.00	44.42	251.07	4.95	
101667688	45.00	47.97	252.56	3.96	
101670776	45.00	44.48	202.14	4.90	
101673824	45.00	44.50	249.93	4.90	
101676868	45.00	47.91	250.03	3.95	
101679956	45.00	44.48	201.58	4.87	
101683016	45.00	44.50	248.52	4.88	
101686048	45.00	47.91	248.63	3.93	
101689108	45.00	44.48	200.18	4.85	
101692196	45.00	44.50	247.11	4.85	
101695240	45.00	47.66	247.22	3.97	
101698288	45.00	44.71	202.31	4.76	
101701376	45.00	44.50	242.52	4.82	
101704408	45.00	47.91	245.80	3.87	
101707472	45.00	44.48	197.34	4.79	
101710548	45.00	44.44	244.28	4.81	
101713592	45.00	47.97	245.22	3.82	
101716676	45.00	44.48	195.06	4.76	
101719704	45.00	47.91	242.85	3.81	
101722796	45.00	44.50	194.11	4.72	
101725844	45.00	47.91	240.76	3.77	
101728920	45.00	44.48	192.28	4.69	
101731944	45.00	44.48	239.22	4.70	
101735036	45.00	44.50	239.61	4.70	
101738100	45.00	44.48	239.72	4.71	
101741180	45.00	44.50	240.38	4.72	
101744224	45.00	44.36	240.49	4.76	
101747256	45.00	47.91	242.82	3.77	
101750328	45.00	44.62	192.51	4.66	
101753376	45.00	44.48	237.48	4.70	
101756456	45.00	44.50	239.73	4.70	
101759516	45.00	44.48	239.84	4.72	
101762580	45.00	44.48	240.50	4.72	
101765640	45.00	44.50	240.89	4.73	
101768696	45.00	44.48	241.00	4.74	
101771728	45.00	44.50	241.66	4.74	
101774788	45.00	44.48	241.77	4.75	
101777848	45.00	44.50	242.43	4.76	
101780908	45.00	44.48	242.54	4.77	
101783968	45.00	44.50	243.20	4.77	
101787060	45.00	41.05	243.30	5.00	
101790120	45.00	44.50	255.00	4.84	
101793152	45.00	44.48	246.67	4.85	
101796236	45.00	44.50	247.33	4.85	
101799264	45.00	44.48	247.44	4.86	
101802328	45.00	44.50	248.10	4.87	
101805392	45.00	44.48	248.21	4.88	
101808480	45.00	44.50	248.87	4.88	
101811544	45.00	44.48	248.98	4.89	
101814600	45.00	47.54	249.64	4.04	
101817632	45.00	44.85	206.24	4.76	
101820704	45.00	44.48	242.79	4.87	
101823788	45.00	44.48	248.23	4.87	
101826844	45.00	44.15	248.62	4.97	
101829872	45.00	48.29	253.69	3.83	
101832964	45.00	44.48	195.12	4.85	
101836004	45.00	47.72	247.19	3.94	
101839108	45.00	44.62	201.14	4.78	
101842144	45.00	44.48	243.58	4.82	
101845204	45.00	44.56	245.82	4.81	
101848236	45.00	47.91	245.10	3.87	
101851324	45.00	44.48	197.41	4.79	
101854384	45.00	44.50	244.35	4.79	
101857412	45.00	47.91	244.45	3.84	
101860472	45.00	44.48	195.98	4.76	
101863568	45.00	44.50	242.92	4.77	
101866600	45.00	47.91	243.02	3.81	
101869708	45.00	44.48	194.55	4.74	
101872772	45.00	47.91	241.49	3.78	
101875804	45.00	44.48	192.74	4.70	
101878844	45.00	47.66	239.67	3.81	
101881896	45.00	44.73	194.50	4.60	
101884952	45.00	44.48	234.41	4.67	
101888024	45.00	44.50	238.25	4.67	
101891076	45.00	44.48	238.36	4.69	
101894128	45.00	44.44	239.02	4.71	
101897184	45.00	44.54	239.96	4.69	
101900248	45.00	44.50	239.00	4.70	
101903312	45.00	44.48	239.89	4.72	
101906368	45.00	44.48	240.55	4.72	
101909428	45.00	44.44	240.94	4.74	
101912488	45.00	44.48	241.88	4.74	
101915548	45.00	44.56	241.75	4.73	
101918636	45.00	44.19	241.02	4.84	
101921716	45.00	44.50	246.61	4.76	
101924744	45.00	41.28	242.80	5.00	
101927836	45.00	44.54	255.00	4.81	
101930876	45.00	44.48	245.42	4.84	
101933940	45.00	44.44	246.60	4.85	
101936996	45.00	44.54	247.54	4.83	
101940060	45.00	44.50	246.58	4.85	
101943116	45.00	44.48	247.47	4.87	
101946196	45.00	44.50	248.14	4.87	
101949236	45.00	44.42	248.25	4.90	
101952272	45.00	47.85	249.74	3.94	
101955328	45.00	44.62	201.12	4.81	
101958384	45.00	44.48	245.25	4.85	
101961448	45.00	44.50	247.50	4.85	
101964504	45.00	44.48	247.60	4.87	
101967596	45.00	44.48	248.27	4.88	
101970656	45.00	44.50	248.66	4.88	
101973688	45.00	47.85	248.77	3.94	
101976780	45.00	44.54	201.19	4.83	
101979840	45.00	44.50	246.44	4.85	
101982872	45.00	47.91	247.34	3.90	
101985956	45.00	44.48	198.87	4.82	
101988984	45.00	47.91	245.81	3.86	
101992076	45.00	44.50	197.07	4.78	
101995124	45.00	47.54	243.72	3.93	
101998168	45.00	44.77	200.59	4.67	
102001232	45.00	44.56	238.28	4.74	
102004324	45.00	44.36	241.52	4.80	
102007384	45.00	44.50	244.63	4.77	
102010416	45.00	48.04	243.17	3.78	
102013500	45.00	44.48	192.90	4.74	
102016560	45.00	44.48	241.54	4.74	
102019592	45.00	47.91	241.94	3.79	
102022680	45.00	44.50	193.20	4.70	
102025712	45.00	47.91	239.85	3.75	
102028796	45.00	44.48	191.38	4.67	
102031848	45.00	47.54	238.31	3.82	
102034920	45.00	44.50	194.91	4.64	
102037968	45.00	41.39	236.50	5.00	
102041012	45.00	44.48	255.00	4.70	
102044068	45.00	44.50	239.87	4.71	
102047128	45.00	44.48	239.97	4.72	
102050220	45.00	41.02	240.63	5.00	
102053304	45.00	44.54	255.00	4.77	
102056308	45.00	44.50	243.21	4.79	
102059368	45.00	44.48	244.10	4.80	
102062432	45.00	44.50	244.77	4.80	
102065488	45.00	44.48	244.87	4.81	
102068552	45.00	44.44	245.53	4.83	
102071640	45.00	44.19	246.47	4.91	
102074696	45.00	44.50	250.48	4.84	
102077764	45.00	41.37	246.67	5.00	
102080824	45.00	47.54	255.00	4.04	
102083884	45.00	44.50	206.26	4.86	
102086944	45.00	44.71	247.85	4.81	
102089980	45.00	41.18	245.17	5.00	
102093088	45.00	44.50	255.00	4.93	
102096124	45.00	44.48	251.32	4.94	
102099180	45.00	44.50	251.98	4.94	
102102248	45.00	44.48	252.09	4.96	
102105276	45.00	47.85	252.75	4.02	
102108344	45.00	44.48	204.90	4.92	
102111420	45.00	44.56	250.99	4.91	
102114484	45.00	47.54	250.26	4.08	
102117512	45.00	44.83	207.92	4.80	
102120612	45.00	44.50	244.76	4.89	
102123684	45.00	44.48	249.64	4.91	
102126696	45.00	47.91	250.30	3.95	
102129788	45.00	44.50	201.58	4.87	
102132812	45.00	47.91	248.23	3.92	
102135900	45.00	44.48	199.77	4.84	
102138988	45.00	47.91	246.70	3.88	
102142024	45.00	44.44	197.95	4.81	
102145088	45.00	47.97	245.43	3.83	
102148112	45.00	47.91	195.28	3.80	
102151200	45.00	44.42	193.95	4.74	
102154232	45.00	47.91	241.71	3.77	
102157288	45.00	44.56	192.19	4.67	
102160380	45.00	44.48	238.00	4.70	
102163440	45.00	44.48	239.46	4.70	
102166484	45.00	47.54	239.85	3.85	
102169528	45.00	44.85	196.45	4.57	
102172588	45.00	44.48	233.00	4.68	
102175648	45.00	44.50	238.44	4.68	
102178712	45.00	44.48	238.55	4.69	
102181800	45.00	44.21	239.21	4.77	
102184844	45.00	44.42	243.45	4.73	
102187920	45.00	41.39	241.02	5.00	
102191000	45.00	44.48	255.00	4.77	
102194036	45.00	44.50	243.34	4.77	
102197088	45.00	44.48	243.44	4.79	
102200156	45.00	44.50	244.10	4.79	
102203220	45.00	44.48	244.21	4.80	
102206248	45.00	44.50	244.88	4.80	
102209312	45.00	44.48	244.98	4.82	
102212368	45.00	44.50	245.65	4.82	
102215432	45.00	44.48	245.75	4.83	
102218488	45.00	44.50	246.42	4.83	
102221560	45.00	44.31	246.52	4.90	
102224640	45.00	44.36	249.67	4.89	
102227696	45.00	44.44	249.37	4.88	
102230736	45.00	44.65	248.73	4.83	
102233800	45.00	44.44	246.10	4.89	
102236848	45.00	44.65	249.41	4.84	
102239912	45.00	44.56	246.77	4.87	
102242968	45.00	44.48	248.42	4.90	
102246056	45.00	44.50	249.88	4.90	
102249120	45.00	44.48	249.98	4.91	
102252184	45.00	47.85	250.65	3.98	
102255236	45.00	44.54	202.79	4.86	
102258272	45.00	47.91	248.04	3.92	
102261356	45.00	44.50	200.09	4.84	
102264432	45.00	44.42	246.74	4.87	
102267480	45.00	47.54	248.24	4.00	
102270512	45.00	44.85	204.05	4.72	
102273604	45.00	44.54	240.60	4.81	
102276660	45.00	44.50	245.20	4.83	
102279688	45.00	47.91	246.10	3.88	
102282768	45.00	44.48	197.65	4.80	
102285836	45.00	47.54	244.59	3.94	
102288896	45.00	44.85	201.19	4.66	
102291928	45.00	47.91	237.74	3.80	
102295008	45.00	44.48	194.05	4.73	
102298056	45.00	47.91	240.98	3.77	
102301116	45.00	44.50	192.24	4.68	
102304176	45.00	47.91	238.88	3.73	
102307244	45.00	44.13	190.41	4.75	
102310288	45.00	48.23	242.30	3.62	
102313368	45.00	44.56	184.38	4.60	
102316408	45.00	47.85	234.47	3.68	
102319500	45.00	44.54	187.68	4.57	
102322556	45.00	44.48	232.93	4.59	
102325636	45.00	44.50	234.12	4.59	
102328676	45.00	44.48	234.23	4.61	
102331740	45.00	44.44	234.89	4.62	
102334772	45.00	44.54	235.83	4.61	
102337832	45.00	44.50	234.87	4.62	
102340892	45.00	44.48	235.77	4.64	
102343964	45.00	44.27	236.43	4.70	
102347064	45.00	41.26	239.85	5.00	
102350076	45.00	44.50	255.00	4.70	
102353132	45.00	44.48	239.92	4.72	
102356200	45.00	44.50	240.58	4.72	
102359288	45.00	41.07	240.68	5.00	
102362348	45.00	44.48	255.00	4.79	
102365376	45.00	44.50	244.32	4.79	
102368444	45.00	44.48	244.43	4.81	
102371492	45.00	44.48	245.10	4.81	
102374556	45.00	44.38	245.49	4.85	
102377612	45.00	44.60	247.26	4.80	
102380680	45.00	44.50	244.68	4.83	
102383732	45.00	44.48	246.37	4.84	
102386824	45.00	44.50	247.03	4.85	
102389884	45.00	44.48	247.14	4.86	
102392916	45.00	47.91	247.80	3.90	
102396004	45.00	44.50	199.06	4.82	
102399060	45.00	47.54	245.71	3.97	
102402096	45.00	44.83	202.58	4.69	
102405188	45.00	44.50	239.42	4.79	
102408244	45.00	44.48	244.30	4.80	
102411284	45.00	47.72	244.96	3.90	
102414328	45.00	44.65	198.90	4.72	
102417428	45.00	44.50	240.79	4.77	
102420448	45.00	47.91	243.27	3.82	
102423540	45.00	44.48	194.82	4.74	
102426600	45.00	44.50	241.75	4.74	
102429624	45.00	47.91	241.86	3.79	
102432716	45.00	44.48	193.39	4.71	
102435752	45.00	47.91	240.33	3.76	
102438836	45.00	44.50	191.59	4.67	
102441884	45.00	47.54	238.23	3.83	
102444928	45.00	44.83	195.11	4.55	
102447992	45.00	44.50	231.95	4.64	
102451076	45.00	44.48	236.83	4.66	
102454136	45.00	44.50	237.49	4.66	
102457220	45.00	47.54	237.59	3.81	
102460256	45.00	44.48	194.46	4.63	
102463288	45.00	44.83	236.33	4.54	
102466352	45.00	44.50	231.68	4.64	
102469408	45.00	44.42	236.56	4.67	
102472496	45.00	44.56	238.06	4.64	
102475556	45.00	44.48	236.54	4.67	
102478616	45.00	44.50	237.99	4.67	
102481676	45.00	44.48	238.10	4.68	
102484736	45.00	44.50	238.76	4.68	
102487768	45.00	44.48	238.87	4.70	
102490824	45.00	44.48	239.53	4.70	
102493888	45.00	44.50	239.93	4.71	
102496956	45.00	44.25	240.03	4.78	
102500040	45.00	44.38	244.01	4.76	
102503064	45.00	41.39	242.64	5.00	
102506148	45.00	44.48	255.00	4.79	
102509188	45.00	44.50	244.43	4.79	
102512276	45.00	41.05	244.53	5.00	
102515344	45.00	44.50	255.00	4.86	
102518396	45.00	44.48	247.89	4.87	
102521428	45.00	44.44	248.55	4.89	
102524488	45.00	44.54	249.49	4.87	
102527548	45.00	44.38	248.53	4.92	
102530616	45.00	44.48	251.09	4.91	
102533700	45.00	44.62	250.18	4.87	
102536764	45.00	44.48	248.62	4.92	
102539820	45.00	47.54	250.86	4.07	
102542848	45.00	44.77	207.46	4.81	
102545904	45.00	44.56	245.14	4.87	
102548996	45.00	44.48	248.39	4.90	
102552044	45.00	47.54	249.84	4.05	
102555088	45.00	44.85	206.44	4.76	
102558176	45.00	44.42	242.99	4.89	
102561240	45.00	47.60	249.26	4.00	
102564268	45.00	44.85	204.19	4.74	
102567344	45.00	44.42	241.58	4.86	
102570392	45.00	47.91	247.85	3.89	
102573476	45.00	44.56	198.34	4.79	
102576512	45.00	47.85	244.15	3.87	
102579588	45.00	44.54	197.37	4.76	
102582656	45.00	44.50	242.62	4.77	
102585688	45.00	47.91	243.52	3.82	
102588776	45.00	44.48	195.05	4.74	
102591840	45.00	44.44	241.98	4.76	
102594876	45.00	47.97	242.92	3.78	
102597964	45.00	44.48	192.77	4.72	
102601020	45.00	44.48	240.55	4.72	
102604084	45.00	47.54	240.95	3.87	
102607120	45.00	44.73	197.55	4.62	
102610172	45.00	44.60	235.79	4.67	
102613288	45.00	44.44	237.95	4.72	
102616292	45.00	44.54	240.48	4.70	
102619376	45.00	44.50	239.52	4.71	
102622412	45.00	44.48	240.42	4.73	
102625472	45.00	44.50	241.08	4.73	
102628532	45.00	44.48	241.19	4.74	
102631596	45.00	44.42	241.85	4.77	
102634660	45.00	44.38	243.07	4.79	
102637740	45.00	41.23	244.05	5.00	
102640824	45.00	44.48	255.00	4.82	
102643864	45.00	44.50	245.98	4.83	
102646924	45.00	44.48	246.09	4.84	
102649984	45.00	44.50	246.75	4.84	
102653044	45.00	44.48	246.86	4.85	
102656108	45.00	44.48	247.52	4.86	
102659164	45.00	44.50	247.91	4.86	
102662224	45.00	44.48	248.02	4.88	
102665308	45.00	44.50	248.68	4.88	
102668344	45.00	44.48	248.79	4.89	
102671380	45.00	47.79	249.45	3.97	
102674440	45.00	44.56	202.51	4.84	
102677488	45.00	44.54	246.63	4.85	
102680588	45.00	44.50	247.25	4.87	
102683640	45.00	44.48	248.15	4.88	
102686664	45.00	47.91	248.81	3.92	
102689760	45.00	44.50	200.08	4.84	
102692816	45.00	44.48	246.72	4.85	
102695848	45.00	47.91	247.39	3.90	
102698936	45.00	44.48	198.65	4.82	
102702000	45.00	44.50	245.58	4.82	
102705024	45.00	47.91	245.69	3.87	
102708116	45.00	44.48	197.23	4.79	
102711160	45.00	47.79	244.16	3.87	
102714208	45.00	44.62	197.21	4.72	
102717316	45.00	44.48	240.49	4.76	
102720356	45.00	44.44	242.74	4.78	
102723384	45.00	47.97	243.68	3.79	
102726476	45.00	44.48	193.53	4.73	
102729512	45.00	47.85	241.31	3.79	
102732568	45.00	44.56	193.47	4.68	
102735672	45.00	44.48	238.43	4.70	
102738720	45.00	47.60	239.89	3.84	
102741748	45.00	44.79	195.60	4.59	
102744836	45.00	44.48	233.84	4.68	
102747900	45.00	44.48	238.47	4.68	
102750960	45.00	47.54	238.86	3.83	
102754000	45.00	44.68	195.47	4.60	
102757048	45.00	44.65	234.54	4.61	
102760112	45.00	44.50	235.08	4.66	
102763176	45.00	44.48	237.56	4.67	
102766232	45.00	44.50	238.22	4.67	
102769300	45.00	44.48	238.33	4.69	
102772352	45.00	44.44	238.99	4.70	
102775408	45.00	44.54	239.93	4.69	
102778476	45.00	44.50	238.97	4.70	
102781532	45.00	44.48	239.87	4.72	
102784616	45.00	41.07	240.53	5.00	
102787704	45.00	44.36	255.00	4.81	
102790716	45.00	44.50	245.56	4.79	
102793776	45.00	44.60	244.09	4.77	