   0.0000000e+00   6.0000000e+00  -9.2491267e-03
   1.0000000e-03   6.0000000e+00   1.0257598e-01
   2.0000000e-03   6.0000000e+00   5.0325841e-03
   3.0000000e-03   6.0000000e+00   5.3985842e-02
   4.0000000e-03   6.0000000e+00   4.4453964e-02
   5.0000000e-03   6.0000000e+00   2.6856636e-01
   6.0000000e-03   6.0000000e+00   1.2872653e-01
   7.0000000e-03   6.0000000e+00   1.2522795e-01
   8.0000000e-03   6.0000000e+00   2.3573519e-01
   9.0000000e-03   6.0000000e+00   2.0941815e-01
   1.0000000e-02   6.0000000e+00   3.1547481e-01
   1.1000000e-02   6.0000000e+00   3.6676259e-01
   1.2000000e-02   6.0000000e+00   3.5078123e-01
   1.3000000e-02   6.0000000e+00   3.1305293e-01
   1.4000000e-02   6.0000000e+00   4.4873963e-01
   1.5000000e-02   6.0000000e+00   2.0032227e-01
   1.6000000e-02   6.0000000e+00   3.6422199e-01
   1.7000000e-02   6.0000000e+00   4.7254196e-01
   1.8000000e-02   6.0000000e+00   5.6261775e-01
   1.9000000e-02   6.0000000e+00   4.5249904e-01
   2.0000000e-02   6.0000000e+00   5.6014636e-01
   2.1000000e-02   6.0000000e+00   5.9196024e-01
   2.2000000e-02   6.0000000e+00   4.4588349e-01
   2.3000000e-02   6.0000000e+00   5.1733260e-01
   2.4000000e-02   6.0000000e+00   5.6065894e-01
   2.5000000e-02   6.0000000e+00   5.6239947e-01
   2.6000000e-02   6.0000000e+00   6.6915350e-01
   2.7000000e-02   6.0000000e+00   6.4281463e-01
   2.8000000e-02   6.0000000e+00   7.3251760e-01
   2.9000000e-02   6.0000000e+00   5.9484587e-01
   3.0000000e-02   6.0000000e+00   6.9050977e-01
   3.1000000e-02   6.0000000e+00   7.6718997e-01
   3.2000000e-02   6.0000000e+00   8.9881730e-01
   3.3000000e-02   6.0000000e+00   7.5344612e-01
   3.4000000e-02   6.0000000e+00   9.2244261e-01
   3.5000000e-02   6.0000000e+00   8.0981037e-01
   3.6000000e-02   6.0000000e+00   8.3482988e-01
   3.7000000e-02   6.0000000e+00   8.2219631e-01
   3.8000000e-02   6.0000000e+00   9.7576183e-01
   3.9000000e-02   6.0000000e+00   9.0157045e-01
   4.0000000e-02   6.0000000e+00   1.1232523e+00
   4.1000000e-02   6.0000000e+00   1.1366867e+00
   4.2000000e-02   6.0000000e+00   1.0020384e+00
   4.3000000e-02   6.0000000e+00   1.0259464e+00
   4.4000000e-02   6.0000000e+00   9.8494263e-01
   4.5000000e-02   6.0000000e+00   9.9384843e-01
   4.6000000e-02   6.0000000e+00   1.0673644e+00
   4.7000000e-02   6.0000000e+00   9.9930283e-01
   4.8000000e-02   6.0000000e+00   1.1380444e+00
   4.9000000e-02   6.0000000e+00   1.1880492e+00
   5.0000000e-02   6.0000000e+00   1.1856146e+00
   5.1000000e-02   6.0000000e+00   1.0681502e+00
   5.2000000e-02   6.0000000e+00   1.1199985e+00
   5.3000000e-02   6.0000000e+00   1.1251685e+00
   5.4000000e-02   6.0000000e+00   1.3490249e+00
   5.5000000e-02   6.0000000e+00   1.3591475e+00
   5.6000000e-02   6.0000000e+00   1.2709479e+00
   5.7000000e-02   6.0000000e+00   1.3741450e+00
   5.8000000e-02   6.0000000e+00   1.4429538e+00
   5.9000000e-02   6.0000000e+00   1.1909473e+00
   6.0000000e-02   6.0000000e+00   1.3684396e+00
   6.1000000e-02   6.0000000e+00   1.4356353e+00
   6.2000000e-02   6.0000000e+00   1.3954230e+00
   6.3000000e-02   6.0000000e+00   1.3423940e+00
   6.4000000e-02   6.0000000e+00   1.5616283e+00
   6.5000000e-02   6.0000000e+00   1.4829135e+00
   6.6000000e-02   6.0000000e+00   1.4882768e+00
   6.7000000e-02   6.0000000e+00   1.5115650e+00
   6.8000000e-02   6.0000000e+00   1.5246037e+00
   6.9000000e-02   6.0000000e+00   1.5682312e+00
   7.0000000e-02   6.0000000e+00   1.6245472e+00
   7.1000000e-02   6.0000000e+00   1.5352272e+00
   7.2000000e-02   6.0000000e+00   1.6007529e+00
   7.3000000e-02   6.0000000e+00   1.6633833e+00
   7.4000000e-02   6.0000000e+00   1.7519178e+00
   7.5000000e-02   6.0000000e+00   1.6730722e+00
   7.6000000e-02   6.0000000e+00   1.7490005e+00
   7.7000000e-02   6.0000000e+00   1.8295776e+00
   7.8000000e-02   6.0000000e+00   1.7125348e+00
   7.9000000e-02   6.0000000e+00   1.8271677e+00
   8.0000000e-02   6.0000000e+00   1.8332137e+00
   8.1000000e-02   6.0000000e+00   1.7836239e+00
   8.2000000e-02   6.0000000e+00   1.6997367e+00
   8.3000000e-02   6.0000000e+00   1.9135456e+00
   8.4000000e-02   6.0000000e+00   1.8386738e+00
   8.5000000e-02   6.0000000e+00   1.8585019e+00
   8.6000000e-02   6.0000000e+00   1.7789040e+00
   8.7000000e-02   6.0000000e+00   1.8570919e+00
   8.8000000e-02   6.0000000e+00   1.7994896e+00
   8.9000000e-02   6.0000000e+00   1.9412644e+00
   9.0000000e-02   6.0000000e+00   1.9782739e+00
   9.1000000e-02   6.0000000e+00   2.0148418e+00
   9.2000000e-02   6.0000000e+00   1.9730879e+00
   9.3000000e-02   6.0000000e+00   1.9020925e+00
   9.4000000e-02   6.0000000e+00   1.9946744e+00
   9.5000000e-02   6.0000000e+00   2.1671678e+00
   9.6000000e-02   6.0000000e+00   2.0026057e+00
   9.7000000e-02   6.0000000e+00   2.0430046e+00
   9.8000000e-02   6.0000000e+00   2.1597880e+00
   9.9000000e-02   6.0000000e+00   2.1405173e+00
   1.0000000e-01   6.0000000e+00   2.1075967e+00
   1.0100000e-01   6.0000000e+00   2.2228159e+00
   1.0200000e-01   6.0000000e+00   2.1852324e+00
   1.0300000e-01   6.0000000e+00   2.2573252e+00
   1.0400000e-01   6.0000000e+00   2.1427457e+00
   1.0500000e-01   6.0000000e+00   2.2747069e+00
   1.0600000e-01   6.0000000e+00   2.1800310e+00
   1.0700000e-01   6.0000000e+00   2.2675260e+00
   1.0800000e-01   6.0000000e+00   2.2831930e+00
   1.0900000e-01   6.0000000e+00   2.2442504e+00
   1.1000000e-01   6.0000000e+00   2.3690509e+00
   1.1100000e-01   6.0000000e+00   2.4058850e+00
   1.1200000e-01   6.0000000e+00   2.2910427e+00
   1.1300000e-01   6.0000000e+00   2.3825529e+00
   1.1400000e-01   6.0000000e+00   2.3067125e+00
   1.1500000e-01   6.0000000e+00   2.3296607e+00
   1.1600000e-01   6.0000000e+00   2.2900816e+00
   1.1700000e-01   6.0000000e+00   2.3686526e+00
   1.1800000e-01   6.0000000e+00   2.4014647e+00
   1.1900000e-01   6.0000000e+00   2.3148023e+00
   1.2000000e-01   6.0000000e+00   2.5517895e+00
   1.2100000e-01   6.0000000e+00   2.3797594e+00
   1.2200000e-01   6.0000000e+00   2.4485795e+00
   1.2300000e-01   6.0000000e+00   2.4289051e+00
   1.2400000e-01   6.0000000e+00   2.6229042e+00
   1.2500000e-01   6.0000000e+00   2.4601254e+00
   1.2600000e-01   6.0000000e+00   2.4457922e+00
   1.2700000e-01   6.0000000e+00   2.6030742e+00
   1.2800000e-01   6.0000000e+00   2.5060549e+00
   1.2900000e-01   6.0000000e+00   2.7849833e+00
   1.3000000e-01   6.0000000e+00   2.4892833e+00
   1.3100000e-01   6.0000000e+00   2.6387459e+00
   1.3200000e-01   6.0000000e+00   2.5842313e+00
   1.3300000e-01   6.0000000e+00   2.5780767e+00
   1.3400000e-01   6.0000000e+00   2.6581751e+00
   1.3500000e-01   6.0000000e+00   2.7805179e+00
   1.3600000e-01   6.0000000e+00   2.6840029e+00
   1.3700000e-01   6.0000000e+00   2.6568926e+00
   1.3800000e-01   6.0000000e+00   2.6669856e+00
   1.3900000e-01   6.0000000e+00   2.7151826e+00
   1.4000000e-01   6.0000000e+00   2.7155109e+00
   1.4100000e-01   6.0000000e+00   2.7776849e+00
   1.4200000e-01   6.0000000e+00   2.9275574e+00
   1.4300000e-01   6.0000000e+00   2.8132208e+00
   1.4400000e-01   6.0000000e+00   2.7462064e+00
   1.4500000e-01   6.0000000e+00   2.8080322e+00
   1.4600000e-01   6.0000000e+00   2.9432573e+00
   1.4700000e-01   6.0000000e+00   2.8308084e+00
   1.4800000e-01   6.0000000e+00   2.9413696e+00
   1.4900000e-01   6.0000000e+00   2.8864927e+00
   1.5000000e-01   6.0000000e+00   2.9618578e+00
   1.5100000e-01   6.0000000e+00   2.8841016e+00
   1.5200000e-01   6.0000000e+00   2.8577369e+00
   1.5300000e-01   6.0000000e+00   2.9683455e+00
   1.5400000e-01   6.0000000e+00   3.0024322e+00
   1.5500000e-01   6.0000000e+00   2.9672262e+00
   1.5600000e-01   6.0000000e+00   2.8522887e+00
   1.5700000e-01   6.0000000e+00   3.0258426e+00
   1.5800000e-01   6.0000000e+00   2.9665127e+00
   1.5900000e-01   6.0000000e+00   3.0951526e+00
   1.6000000e-01   6.0000000e+00   2.9930595e+00
   1.6100000e-01   6.0000000e+00   3.0582087e+00
   1.6200000e-01   6.0000000e+00   3.0600282e+00
   1.6300000e-01   6.0000000e+00   3.0429744e+00
   1.6400000e-01   6.0000000e+00   3.0705674e+00
   1.6500000e-01   6.0000000e+00   3.1753687e+00
   1.6600000e-01   6.0000000e+00   3.2472936e+00
   1.6700000e-01   6.0000000e+00   3.0746372e+00
   1.6800000e-01   6.0000000e+00   3.0904025e+00
   1.6900000e-01   6.0000000e+00   3.0293048e+00
   1.7000000e-01   6.0000000e+00   3.0027197e+00
   1.7100000e-01   6.0000000e+00   3.0388370e+00
   1.7200000e-01   6.0000000e+00   3.3212654e+00
   1.7300000e-01   6.0000000e+00   3.1880601e+00
   1.7400000e-01   6.0000000e+00   3.1777051e+00
   1.7500000e-01   6.0000000e+00   3.1855782e+00
   1.7600000e-01   6.0000000e+00   3.1239056e+00
   1.7700000e-01   6.0000000e+00   3.1339284e+00
   1.7800000e-01   6.0000000e+00   3.2102767e+00
   1.7900000e-01   6.0000000e+00   3.3047658e+00
   1.8000000e-01   6.0000000e+00   3.2642462e+00
   1.8100000e-01   6.0000000e+00   3.1237413e+00
   1.8200000e-01   6.0000000e+00   3.2120425e+00
   1.8300000e-01   6.0000000e+00   3.2762609e+00
   1.8400000e-01   6.0000000e+00   3.3628573e+00
   1.8500000e-01   6.0000000e+00   3.2642248e+00
   1.8600000e-01   6.0000000e+00   3.3026336e+00
   1.8700000e-01   6.0000000e+00   3.4563211e+00
   1.8800000e-01   6.0000000e+00   3.2113798e+00
   1.8900000e-01   6.0000000e+00   3.3774349e+00
   1.9000000e-01   6.0000000e+00   3.3934485e+00
   1.9100000e-01   6.0000000e+00   3.2815633e+00
   1.9200000e-01   6.0000000e+00   3.4455116e+00
   1.9300000e-01   6.0000000e+00   3.4047627e+00
   1.9400000e-01   6.0000000e+00   3.3979789e+00
   1.9500000e-01   6.0000000e+00   3.4747023e+00
   1.9600000e-01   6.0000000e+00   3.6230187e+00
   1.9700000e-01   6.0000000e+00   3.4154970e+00
   1.9800000e-01   6.0000000e+00   3.4789008e+00
   1.9900000e-01   6.0000000e+00   3.3801197e+00
   2.0000000e-01   6.0000000e+00   3.4650311e+00
   2.0100000e-01   6.0000000e+00   3.4781310e+00
   2.0200000e-01   6.0000000e+00   3.5092031e+00
   2.0300000e-01   6.0000000e+00   3.5281974e+00
   2.0400000e-01   6.0000000e+00   3.6014369e+00
   2.0500000e-01   6.0000000e+00   3.6519693e+00
   2.0600000e-01   6.0000000e+00   3.4387170e+00
   2.0700000e-01   6.0000000e+00   3.4941022e+00
   2.0800000e-01   6.0000000e+00   3.5574905e+00
   2.0900000e-01   6.0000000e+00   3.4992409e+00
   2.1000000e-01   6.0000000e+00   3.5621618e+00
   2.1100000e-01   6.0000000e+00   3.4787246e+00
   2.1200000e-01   6.0000000e+00   3.6155050e+00
   2.1300000e-01   6.0000000e+00   3.6933649e+00
   2.1400000e-01   6.0000000e+00   3.6262218e+00
   2.1500000e-01   6.0000000e+00   3.6972950e+00
   2.1600000e-01   6.0000000e+00   3.7256591e+00
   2.1700000e-01   6.0000000e+00   3.6178828e+00
   2.1800000e-01   6.0000000e+00   3.7170874e+00
   2.1900000e-01   6.0000000e+00   3.5897544e+00
   2.2000000e-01   6.0000000e+00   3.7098598e+00
   2.2100000e-01   6.0000000e+00   3.6736192e+00
   2.2200000e-01   6.0000000e+00   3.7743763e+00
   2.2300000e-01   6.0000000e+00   3.7879719e+00
   2.2400000e-01   6.0000000e+00   3.6764686e+00
   2.2500000e-01   6.0000000e+00   3.7018140e+00
   2.2600000e-01   6.0000000e+00   3.7273067e+00
   2.2700000e-01   6.0000000e+00   3.8434721e+00
   2.2800000e-01   6.0000000e+00   3.7069956e+00
   2.2900000e-01   6.0000000e+00   3.8217834e+00
   2.3000000e-01   6.0000000e+00   3.7101222e+00
   2.3100000e-01   6.0000000e+00   3.8506225e+00
   2.3200000e-01   6.0000000e+00   3.8591602e+00
   2.3300000e-01   6.0000000e+00   3.8339745e+00
   2.3400000e-01   6.0000000e+00   3.7929093e+00
   2.3500000e-01   6.0000000e+00   3.8413562e+00
   2.3600000e-01   6.0000000e+00   3.8446045e+00
   2.3700000e-01   6.0000000e+00   3.8660958e+00
   2.3800000e-01   6.0000000e+00   3.7912668e+00
   2.3900000e-01   6.0000000e+00   3.8505600e+00
   2.4000000e-01   6.0000000e+00   3.8586601e+00
   2.4100000e-01   6.0000000e+00   3.9488430e+00
   2.4200000e-01   6.0000000e+00   3.9722479e+00
   2.4300000e-01   6.0000000e+00   3.8232294e+00
   2.4400000e-01   6.0000000e+00   3.8883462e+00
   2.4500000e-01   6.0000000e+00   3.8003625e+00
   2.4600000e-01   6.0000000e+00   4.0434430e+00
   2.4700000e-01   6.0000000e+00   3.9533871e+00
   2.4800000e-01   6.0000000e+00   3.8579471e+00
   2.4900000e-01   6.0000000e+00   3.9531770e+00
   2.5000000e-01   6.0000000e+00   4.0876760e+00
   2.5100000e-01   6.0000000e+00   3.9253465e+00
   2.5200000e-01   6.0000000e+00   3.9281940e+00
   2.5300000e-01   6.0000000e+00   4.0061362e+00
   2.5400000e-01   6.0000000e+00   3.9582144e+00
   2.5500000e-01   6.0000000e+00   3.9954014e+00
   2.5600000e-01   6.0000000e+00   3.9547124e+00
   2.5700000e-01   6.0000000e+00   4.0498584e+00
   2.5800000e-01   6.0000000e+00   4.0967983e+00
   2.5900000e-01   6.0000000e+00   4.0938146e+00
   2.6000000e-01   6.0000000e+00   4.1570867e+00
   2.6100000e-01   6.0000000e+00   4.1257315e+00
   2.6200000e-01   6.0000000e+00   4.0797163e+00
   2.6300000e-01   6.0000000e+00   3.9839017e+00
   2.6400000e-01   6.0000000e+00   4.1179155e+00
   2.6500000e-01   6.0000000e+00   4.1776311e+00
   2.6600000e-01   6.0000000e+00   4.1194174e+00
   2.6700000e-01   6.0000000e+00   4.1156688e+00
   2.6800000e-01   6.0000000e+00   4.1565090e+00
   2.6900000e-01   6.0000000e+00   4.1436275e+00
   2.7000000e-01   6.0000000e+00   4.2053321e+00
   2.7100000e-01   6.0000000e+00   4.2398311e+00
   2.7200000e-01   6.0000000e+00   4.1673746e+00
   2.7300000e-01   6.0000000e+00   4.1683375e+00
   2.7400000e-01   6.0000000e+00   4.1085511e+00
   2.7500000e-01   6.0000000e+00   4.1078909e+00
   2.7600000e-01   6.0000000e+00   4.1808991e+00
   2.7700000e-01   6.0000000e+00   4.1211066e+00
   2.7800000e-01   6.0000000e+00   4.2067761e+00
   2.7900000e-01   6.0000000e+00   4.0430732e+00
   2.8000000e-01   6.0000000e+00   4.2967372e+00
   2.8100000e-01   6.0000000e+00   4.3423363e+00
   2.8200000e-01   6.0000000e+00   4.2135192e+00
   2.8300000e-01   6.0000000e+00   4.2248954e+00
   2.8400000e-01   6.0000000e+00   4.2965594e+00
   2.8500000e-01   6.0000000e+00   4.2473877e+00
   2.8600000e-01   6.0000000e+00   4.1140738e+00
   2.8700000e-01   6.0000000e+00   4.2147399e+00
   2.8800000e-01   6.0000000e+00   4.2555254e+00
   2.8900000e-01   6.0000000e+00   4.1033496e+00
   2.9000000e-01   6.0000000e+00   4.3814515e+00
   2.9100000e-01   6.0000000e+00   4.2415778e+00
   2.9200000e-01   6.0000000e+00   4.2337142e+00
   2.9300000e-01   6.0000000e+00   4.3979052e+00
   2.9400000e-01   6.0000000e+00   4.2617675e+00
   2.9500000e-01   6.0000000e+00   4.3555477e+00
   2.9600000e-01   6.0000000e+00   4.2018917e+00
   2.9700000e-01   6.0000000e+00   4.4399043e+00
   2.9800000e-01   6.0000000e+00   4.3757323e+00
   2.9900000e-01   6.0000000e+00   4.3200704e+00
   3.0000000e-01   6.0000000e+00   4.2724780e+00
   3.0100000e-01   6.0000000e+00   4.2524801e+00
   3.0200000e-01   6.0000000e+00   4.4967855e+00
   3.0300000e-01   6.0000000e+00   4.4440901e+00
   3.0400000e-01   6.0000000e+00   4.3361123e+00
   3.0500000e-01   6.0000000e+00   4.3802013e+00
   3.0600000e-01   6.0000000e+00   4.4237601e+00
   3.0700000e-01   6.0000000e+00   4.3464931e+00
   3.0800000e-01   6.0000000e+00   4.4791084e+00
   3.0900000e-01   6.0000000e+00   4.4285485e+00
   3.1000000e-01   6.0000000e+00   4.4083567e+00
   3.1100000e-01   6.0000000e+00   4.5055586e+00
   3.1200000e-01   6.0000000e+00   4.3547280e+00
   3.1300000e-01   6.0000000e+00   4.5492090e+00
   3.1400000e-01   6.0000000e+00   4.3995724e+00
   3.1500000e-01   6.0000000e+00   4.5564148e+00
   3.1600000e-01   6.0000000e+00   4.4893685e+00
   3.1700000e-01   6.0000000e+00   4.4504266e+00
   3.1800000e-01   6.0000000e+00   4.4220665e+00
   3.1900000e-01   6.0000000e+00   4.4348203e+00
   3.2000000e-01   6.0000000e+00   4.6459778e+00
   3.2100000e-01   6.0000000e+00   4.5692627e+00
   3.2200000e-01   6.0000000e+00   4.4183871e+00
   3.2300000e-01   6.0000000e+00   4.6030837e+00
   3.2400000e-01   6.0000000e+00   4.6559356e+00
   3.2500000e-01   6.0000000e+00   4.5047008e+00
   3.2600000e-01   6.0000000e+00   4.5326567e+00
   3.2700000e-01   6.0000000e+00   4.6578620e+00
   3.2800000e-01   6.0000000e+00   4.5203825e+00
   3.2900000e-01   6.0000000e+00   4.5281330e+00
   3.3000000e-01   6.0000000e+00   4.5158101e+00
   3.3100000e-01   6.0000000e+00   4.6216248e+00
   3.3200000e-01   6.0000000e+00   4.4603674e+00
   3.3300000e-01   6.0000000e+00   4.5517961e+00
   3.3400000e-01   6.0000000e+00   4.6180872e+00
   3.3500000e-01   6.0000000e+00   4.6223253e+00
   3.3600000e-01   6.0000000e+00   4.6375667e+00
   3.3700000e-01   6.0000000e+00   4.6020991e+00
   3.3800000e-01   6.0000000e+00   4.6904349e+00
   3.3900000e-01   6.0000000e+00   4.5367180e+00
   3.4000000e-01   6.0000000e+00   4.5708832e+00
   3.4100000e-01   6.0000000e+00   4.5240377e+00
   3.4200000e-01   6.0000000e+00   4.5801000e+00
   3.4300000e-01   6.0000000e+00   4.7226106e+00
   3.4400000e-01   6.0000000e+00   4.7094478e+00
   3.4500000e-01   6.0000000e+00   4.7286861e+00
   3.4600000e-01   6.0000000e+00   4.6087801e+00
   3.4700000e-01   6.0000000e+00   4.6740394e+00
   3.4800000e-01   6.0000000e+00   4.6068919e+00
   3.4900000e-01   6.0000000e+00   4.7761239e+00
   3.5000000e-01   6.0000000e+00   4.7191899e+00
   3.5100000e-01   6.0000000e+00   4.7466232e+00
   3.5200000e-01   6.0000000e+00   4.6444245e+00
   3.5300000e-01   6.0000000e+00   4.6136369e+00
   3.5400000e-01   6.0000000e+00   4.7660888e+00
   3.5500000e-01   6.0000000e+00   4.8398545e+00
   3.5600000e-01   6.0000000e+00   4.8367819e+00
   3.5700000e-01   6.0000000e+00   4.7358724e+00
   3.5800000e-01   6.0000000e+00   4.7601239e+00
   3.5900000e-01   6.0000000e+00   4.7615581e+00
   3.6000000e-01   6.0000000e+00   4.7799956e+00
   3.6100000e-01   6.0000000e+00   4.8221608e+00
   3.6200000e-01   6.0000000e+00   4.6140860e+00
   3.6300000e-01   6.0000000e+00   4.6285242e+00
   3.6400000e-01   6.0000000e+00   4.8435900e+00
   3.6500000e-01   6.0000000e+00   4.6776490e+00
   3.6600000e-01   6.0000000e+00   4.7319506e+00
   3.6700000e-01   6.0000000e+00   4.7269491e+00
   3.6800000e-01   6.0000000e+00   4.8212102e+00
   3.6900000e-01   6.0000000e+00   4.7304834e+00
   3.7000000e-01   6.0000000e+00   4.8647900e+00
   3.7100000e-01   6.0000000e+00   4.8060619e+00
   3.7200000e-01   6.0000000e+00   4.7722786e+00
   3.7300000e-01   6.0000000e+00   4.8993581e+00
   3.7400000e-01   6.0000000e+00   4.8368943e+00
   3.7500000e-01   6.0000000e+00   4.7221336e+00
   3.7600000e-01   6.0000000e+00   4.9586623e+00
   3.7700000e-01   6.0000000e+00   4.7995905e+00
   3.7800000e-01   6.0000000e+00   4.8735407e+00
   3.7900000e-01   6.0000000e+00   4.8029217e+00
   3.8000000e-01   6.0000000e+00   5.0152397e+00
   3.8100000e-01   6.0000000e+00   4.7972436e+00
   3.8200000e-01   6.0000000e+00   4.9990636e+00
   3.8300000e-01   6.0000000e+00   4.7922566e+00
   3.8400000e-01   6.0000000e+00   4.7787674e+00
   3.8500000e-01   6.0000000e+00   4.9668842e+00
   3.8600000e-01   6.0000000e+00   4.8080681e+00
   3.8700000e-01   6.0000000e+00   4.9161358e+00
   3.8800000e-01   6.0000000e+00   4.8457230e+00
   3.8900000e-01   6.0000000e+00   4.8551643e+00
   3.9000000e-01   6.0000000e+00   4.8926538e+00
   3.9100000e-01   6.0000000e+00   4.9017509e+00
   3.9200000e-01   6.0000000e+00   4.9119725e+00
   3.9300000e-01   6.0000000e+00   4.9373449e+00
   3.9400000e-01   6.0000000e+00   4.9277207e+00
   3.9500000e-01   6.0000000e+00   4.8874732e+00
   3.9600000e-01   6.0000000e+00   4.9097874e+00
   3.9700000e-01   6.0000000e+00   5.0452943e+00
   3.9800000e-01   6.0000000e+00   4.8824831e+00
   3.9900000e-01   6.0000000e+00   4.8795144e+00
   4.0000000e-01   6.0000000e+00   4.8864680e+00
   4.0100000e-01   6.0000000e+00   4.8732522e+00
   4.0200000e-01   6.0000000e+00   4.9405169e+00
   4.0300000e-01   6.0000000e+00   4.9725912e+00
   4.0400000e-01   6.0000000e+00   4.8581222e+00
   4.0500000e-01   6.0000000e+00   4.9372201e+00
   4.0600000e-01   6.0000000e+00   4.9677268e+00
   4.0700000e-01   6.0000000e+00   4.9657005e+00
   4.0800000e-01   6.0000000e+00   4.9744666e+00
   4.0900000e-01   6.0000000e+00   4.9249262e+00
   4.1000000e-01   6.0000000e+00   5.0490572e+00
   4.1100000e-01   6.0000000e+00   4.9637993e+00
   4.1200000e-01   6.0000000e+00   5.0854568e+00
   4.1300000e-01   6.0000000e+00   5.1432714e+00
   4.1400000e-01   6.0000000e+00   5.0152985e+00
   4.1500000e-01   6.0000000e+00   5.2026716e+00
   4.1600000e-01   6.0000000e+00   5.0647054e+00
   4.1700000e-01   6.0000000e+00   4.9710219e+00
   4.1800000e-01   6.0000000e+00   5.1015029e+00
   4.1900000e-01   6.0000000e+00   4.9388871e+00
   4.2000000e-01   6.0000000e+00   5.0533330e+00
   4.2100000e-01   6.0000000e+00   5.0253428e+00
   4.2200000e-01   6.0000000e+00   5.0776065e+00
   4.2300000e-01   6.0000000e+00   5.0565258e+00
   4.2400000e-01   6.0000000e+00   5.0449532e+00
   4.2500000e-01   6.0000000e+00   5.0935925e+00
   4.2600000e-01   6.0000000e+00   5.0461518e+00
   4.2700000e-01   6.0000000e+00   5.0529585e+00
   4.2800000e-01   6.0000000e+00   5.0684260e+00
   4.2900000e-01   6.0000000e+00   4.9732616e+00
   4.3000000e-01   6.0000000e+00   5.0739139e+00
   4.3100000e-01   6.0000000e+00   5.2490999e+00
   4.3200000e-01   6.0000000e+00   5.0379377e+00
   4.3300000e-01   6.0000000e+00   5.0621598e+00
   4.3400000e-01   6.0000000e+00   4.9798908e+00
   4.3500000e-01   6.0000000e+00   5.1246854e+00
   4.3600000e-01   6.0000000e+00   5.0721646e+00
   4.3700000e-01   6.0000000e+00   5.1112480e+00
   4.3800000e-01   6.0000000e+00   5.1213430e+00
   4.3900000e-01   6.0000000e+00   5.1264238e+00
   4.4000000e-01   6.0000000e+00   5.0626203e+00
   4.4100000e-01   6.0000000e+00   5.1255386e+00
   4.4200000e-01   6.0000000e+00   5.1433068e+00
   4.4300000e-01   6.0000000e+00   5.0525455e+00
   4.4400000e-01   6.0000000e+00   5.1777744e+00
   4.4500000e-01   6.0000000e+00   4.9893737e+00
   4.4600000e-01   6.0000000e+00   5.0719262e+00
   4.4700000e-01   6.0000000e+00   5.2627953e+00
   4.4800000e-01   6.0000000e+00   5.0948272e+00
   4.4900000e-01   6.0000000e+00   5.1098887e+00
   4.5000000e-01   6.0000000e+00   5.0961403e+00
   4.5100000e-01   6.0000000e+00   5.1011711e+00
   4.5200000e-01   6.0000000e+00   5.0739095e+00
   4.5300000e-01   6.0000000e+00   5.3011727e+00
   4.5400000e-01   6.0000000e+00   5.0646021e+00
   4.5500000e-01   6.0000000e+00   5.1528949e+00
   4.5600000e-01   6.0000000e+00   5.2310505e+00
   4.5700000e-01   6.0000000e+00   5.1757026e+00
   4.5800000e-01   6.0000000e+00   5.1435554e+00
   4.5900000e-01   6.0000000e+00   5.1453250e+00
   4.6000000e-01   6.0000000e+00   5.1252471e+00
   4.6100000e-01   6.0000000e+00   5.1821973e+00
   4.6200000e-01   6.0000000e+00   5.1547656e+00
   4.6300000e-01   6.0000000e+00   5.1987420e+00
   4.6400000e-01   6.0000000e+00   5.1057656e+00
   4.6500000e-01   6.0000000e+00   5.2826080e+00
   4.6600000e-01   6.0000000e+00   5.2089253e+00
   4.6700000e-01   6.0000000e+00   5.2790923e+00
   4.6800000e-01   6.0000000e+00   5.0759212e+00
   4.6900000e-01   6.0000000e+00   5.2891558e+00
   4.7000000e-01   6.0000000e+00   5.2742528e+00
   4.7100000e-01   6.0000000e+00   5.1924677e+00
   4.7200000e-01   6.0000000e+00   5.3038277e+00
   4.7300000e-01   6.0000000e+00   5.2808113e+00
   4.7400000e-01   6.0000000e+00   5.1847295e+00
   4.7500000e-01   6.0000000e+00   5.2426737e+00
   4.7600000e-01   6.0000000e+00   5.3109940e+00
   4.7700000e-01   6.0000000e+00   5.1365972e+00
   4.7800000e-01   6.0000000e+00   5.1225254e+00
   4.7900000e-01   6.0000000e+00   5.2007406e+00
   4.8000000e-01   6.0000000e+00   5.1855292e+00
   4.8100000e-01   6.0000000e+00   5.3023459e+00
   4.8200000e-01   6.0000000e+00   5.2552247e+00
   4.8300000e-01   6.0000000e+00   5.3101980e+00
   4.8400000e-01   6.0000000e+00   5.2376691e+00
   4.8500000e-01   6.0000000e+00   5.3119094e+00
   4.8600000e-01   6.0000000e+00   5.3245403e+00
   4.8700000e-01   6.0000000e+00   5.4268909e+00
   4.8800000e-01   6.0000000e+00   5.2296919e+00
   4.8900000e-01   6.0000000e+00   5.3369145e+00
   4.9000000e-01   6.0000000e+00   5.1843039e+00
   4.9100000e-01   6.0000000e+00   5.1888210e+00
   4.9200000e-01   6.0000000e+00   5.3073776e+00
   4.9300000e-01   6.0000000e+00   5.5030858e+00
   4.9400000e-01   6.0000000e+00   5.3670640e+00
   4.9500000e-01   6.0000000e+00   5.3933069e+00
   4.9600000e-01   6.0000000e+00   5.4190950e+00
   4.9700000e-01   6.0000000e+00   5.3152358e+00
   4.9800000e-01   6.0000000e+00   5.2113040e+00
   4.9900000e-01   6.0000000e+00   5.4363404e+00
   5.0000000e-01   6.0000000e+00   5.2365002e+00
   5.0100000e-01   6.0000000e+00   5.2368871e+00
   5.0200000e-01   6.0000000e+00   5.2741042e+00
   5.0300000e-01   6.0000000e+00   5.3561238e+00
   5.0400000e-01   6.0000000e+00   5.3146291e+00
   5.0500000e-01   6.0000000e+00   5.4130096e+00
   5.0600000e-01   6.0000000e+00   5.2551837e+00
   5.0700000e-01   6.0000000e+00   5.2360993e+00
   5.0800000e-01   6.0000000e+00   5.2114987e+00
   5.0900000e-01   6.0000000e+00   5.3569664e+00
   5.1000000e-01   6.0000000e+00   5.3219770e+00
   5.1100000e-01   6.0000000e+00   5.2684467e+00
   5.1200000e-01   6.0000000e+00   5.2183015e+00
   5.1300000e-01   6.0000000e+00   5.3470888e+00
   5.1400000e-01   6.0000000e+00   5.4221194e+00
   5.1500000e-01   6.0000000e+00   5.2412501e+00
   5.1600000e-01   6.0000000e+00   5.3526932e+00
   5.1700000e-01   6.0000000e+00   5.2754567e+00
   5.1800000e-01   6.0000000e+00   5.3367825e+00
   5.1900000e-01   6.0000000e+00   5.3930788e+00
   5.2000000e-01   6.0000000e+00   5.3311012e+00
   5.2100000e-01   6.0000000e+00   5.3753453e+00
   5.2200000e-01   6.0000000e+00   5.4251591e+00
   5.2300000e-01   6.0000000e+00   5.4104746e+00
   5.2400000e-01   6.0000000e+00   5.4899367e+00
   5.2500000e-01   6.0000000e+00   5.2517795e+00
   5.2600000e-01   6.0000000e+00   5.4241671e+00
   5.2700000e-01   6.0000000e+00   5.3674164e+00
   5.2800000e-01   6.0000000e+00   5.3282548e+00
   5.2900000e-01   6.0000000e+00   5.4142141e+00
   5.3000000e-01   6.0000000e+00   5.2659683e+00
   5.3100000e-01   6.0000000e+00   5.3289325e+00
   5.3200000e-01   6.0000000e+00   5.4423282e+00
   5.3300000e-01   6.0000000e+00   5.4568589e+00
   5.3400000e-01   6.0000000e+00   5.3451617e+00
   5.3500000e-01   6.0000000e+00   5.4120471e+00
   5.3600000e-01   6.0000000e+00   5.3704947e+00
   5.3700000e-01   6.0000000e+00   5.4630906e+00
   5.3800000e-01   6.0000000e+00   5.3278092e+00
   5.3900000e-01   6.0000000e+00   5.3601888e+00
   5.4000000e-01   6.0000000e+00   5.5674707e+00
   5.4100000e-01   6.0000000e+00   5.5539080e+00
   5.4200000e-01   6.0000000e+00   5.2669521e+00
   5.4300000e-01   6.0000000e+00   5.4099975e+00
   5.4400000e-01   6.0000000e+00   5.3372647e+00
   5.4500000e-01   6.0000000e+00   5.4378816e+00
   5.4600000e-01   6.0000000e+00   5.5023156e+00
   5.4700000e-01   6.0000000e+00   5.3783022e+00
   5.4800000e-01   6.0000000e+00   5.4793565e+00
   5.4900000e-01   6.0000000e+00   5.3996023e+00
   5.5000000e-01   6.0000000e+00   5.5051238e+00
   5.5100000e-01   6.0000000e+00   5.5076713e+00
   5.5200000e-01   6.0000000e+00   5.4141299e+00
   5.5300000e-01   6.0000000e+00   5.5495011e+00
   5.5400000e-01   6.0000000e+00   5.4010656e+00
   5.5500000e-01   6.0000000e+00   5.4226507e+00
   5.5600000e-01   6.0000000e+00   5.3056199e+00
   5.5700000e-01   6.0000000e+00   5.5194648e+00
   5.5800000e-01   6.0000000e+00   5.4394523e+00
   5.5900000e-01   6.0000000e+00   5.2640251e+00
   5.6000000e-01   6.0000000e+00   5.5746344e+00
   5.6100000e-01   6.0000000e+00   5.3716899e+00
   5.6200000e-01   6.0000000e+00   5.3508317e+00
   5.6300000e-01   6.0000000e+00   5.4814713e+00
   5.6400000e-01   6.0000000e+00   5.3905266e+00
   5.6500000e-01   6.0000000e+00   5.4851686e+00
   5.6600000e-01   6.0000000e+00   5.3710024e+00
   5.6700000e-01   6.0000000e+00   5.3821311e+00
   5.6800000e-01   6.0000000e+00   5.4690028e+00
   5.6900000e-01   6.0000000e+00   5.3414430e+00
   5.7000000e-01   6.0000000e+00   5.3470365e+00
   5.7100000e-01   6.0000000e+00   5.4061213e+00
   5.7200000e-01   6.0000000e+00   5.3677330e+00
   5.7300000e-01   6.0000000e+00   5.4812977e+00
   5.7400000e-01   6.0000000e+00   5.3809874e+00
   5.7500000e-01   6.0000000e+00   5.3624985e+00
   5.7600000e-01   6.0000000e+00   5.5885646e+00
   5.7700000e-01   6.0000000e+00   5.5032838e+00
   5.7800000e-01   6.0000000e+00   5.5443475e+00
   5.7900000e-01   6.0000000e+00   5.5566648e+00
   5.8000000e-01   6.0000000e+00   5.5317388e+00
   5.8100000e-01   6.0000000e+00   5.5095570e+00
   5.8200000e-01   6.0000000e+00   5.5790001e+00
   5.8300000e-01   6.0000000e+00   5.4367455e+00
   5.8400000e-01   6.0000000e+00   5.5773667e+00
   5.8500000e-01   6.0000000e+00   5.5121872e+00
   5.8600000e-01   6.0000000e+00   5.5003887e+00
   5.8700000e-01   6.0000000e+00   5.4769547e+00
   5.8800000e-01   6.0000000e+00   5.3929706e+00
   5.8900000e-01   6.0000000e+00   5.5990662e+00
   5.9000000e-01   6.0000000e+00   5.5074585e+00
   5.9100000e-01   6.0000000e+00   5.5049987e+00
   5.9200000e-01   6.0000000e+00   5.5021802e+00
   5.9300000e-01   6.0000000e+00   5.4997254e+00
   5.9400000e-01   6.0000000e+00   5.5018062e+00
   5.9500000e-01   6.0000000e+00   5.4966046e+00
   5.9600000e-01   6.0000000e+00   5.4268732e+00
   5.9700000e-01   6.0000000e+00   5.4996099e+00
   5.9800000e-01   6.0000000e+00   5.4810055e+00
   5.9900000e-01   6.0000000e+00   5.5436248e+00
   6.0000000e-01   6.0000000e+00   5.4349742e+00
   6.0100000e-01   6.0000000e+00   5.5044755e+00
   6.0200000e-01   6.0000000e+00   5.4825713e+00
   6.0300000e-01   6.0000000e+00   5.6307942e+00
   6.0400000e-01   6.0000000e+00   5.5404231e+00
   6.0500000e-01   6.0000000e+00   5.5686257e+00
   6.0600000e-01   6.0000000e+00   5.5341221e+00
   6.0700000e-01   6.0000000e+00   5.5525662e+00
   6.0800000e-01   6.0000000e+00   5.6047219e+00
   6.0900000e-01   6.0000000e+00   5.5310277e+00
   6.1000000e-01   6.0000000e+00   5.6228124e+00
   6.1100000e-01   6.0000000e+00   5.5851315e+00
   6.1200000e-01   6.0000000e+00   5.5021931e+00
   6.1300000e-01   6.0000000e+00   5.5607965e+00
   6.1400000e-01   6.0000000e+00   5.6613465e+00
   6.1500000e-01   6.0000000e+00   5.6145898e+00
   6.1600000e-01   6.0000000e+00   5.5258101e+00
   6.1700000e-01   6.0000000e+00   5.6666574e+00
   6.1800000e-01   6.0000000e+00   5.5158407e+00
   6.1900000e-01   6.0000000e+00   5.6346042e+00
   6.2000000e-01   6.0000000e+00   5.6601129e+00
   6.2100000e-01   6.0000000e+00   5.5561583e+00
   6.2200000e-01   6.0000000e+00   5.5744682e+00
   6.2300000e-01   6.0000000e+00   5.5977726e+00
   6.2400000e-01   6.0000000e+00   5.6511077e+00
   6.2500000e-01   6.0000000e+00   5.5427743e+00
   6.2600000e-01   6.0000000e+00   5.5757351e+00
   6.2700000e-01   6.0000000e+00   5.5818300e+00
   6.2800000e-01   6.0000000e+00   5.6150788e+00
   6.2900000e-01   6.0000000e+00   5.6937535e+00
   6.3000000e-01   6.0000000e+00   5.5534056e+00
   6.3100000e-01   6.0000000e+00   5.5217794e+00
   6.3200000e-01   6.0000000e+00   5.6183287e+00
   6.3300000e-01   6.0000000e+00   5.4271986e+00
   6.3400000e-01   6.0000000e+00   5.5902412e+00
   6.3500000e-01   6.0000000e+00   5.6036297e+00
   6.3600000e-01   6.0000000e+00   5.5623264e+00
   6.3700000e-01   6.0000000e+00   5.5540633e+00
   6.3800000e-01   6.0000000e+00   5.5054508e+00
   6.3900000e-01   6.0000000e+00   5.5587898e+00
   6.4000000e-01   6.0000000e+00   5.4469025e+00
   6.4100000e-01   6.0000000e+00   5.6814671e+00
   6.4200000e-01   6.0000000e+00   5.4961335e+00
   6.4300000e-01   6.0000000e+00   5.5764772e+00
   6.4400000e-01   6.0000000e+00   5.6556892e+00
   6.4500000e-01   6.0000000e+00   5.5351919e+00
   6.4600000e-01   6.0000000e+00   5.6522022e+00
   6.4700000e-01   6.0000000e+00   5.6775153e+00
   6.4800000e-01   6.0000000e+00   5.6306394e+00
   6.4900000e-01   6.0000000e+00   5.6005568e+00
   6.5000000e-01   6.0000000e+00   5.5797112e+00
   6.5100000e-01   6.0000000e+00   5.6309868e+00
   6.5200000e-01   6.0000000e+00   5.5723205e+00
   6.5300000e-01   6.0000000e+00   5.7661742e+00
   6.5400000e-01   6.0000000e+00   5.6128907e+00
   6.5500000e-01   6.0000000e+00   5.6316923e+00
   6.5600000e-01   6.0000000e+00   5.5816673e+00
   6.5700000e-01   6.0000000e+00   5.8404612e+00
   6.5800000e-01   6.0000000e+00   5.6622843e+00
   6.5900000e-01   6.0000000e+00   5.5993499e+00
   6.6000000e-01   6.0000000e+00   5.6185013e+00
   6.6100000e-01   6.0000000e+00   5.6352411e+00
   6.6200000e-01   6.0000000e+00   5.5804674e+00
   6.6300000e-01   6.0000000e+00   5.5580149e+00
   6.6400000e-01   6.0000000e+00   5.8058330e+00
   6.6500000e-01   6.0000000e+00   5.5166085e+00
   6.6600000e-01   6.0000000e+00   5.5100664e+00
   6.6700000e-01   6.0000000e+00   5.5207046e+00
   6.6800000e-01   6.0000000e+00   5.7415870e+00
   6.6900000e-01   6.0000000e+00   5.7277604e+00
   6.7000000e-01   6.0000000e+00   5.7130485e+00
   6.7100000e-01   6.0000000e+00   5.5205998e+00
   6.7200000e-01   6.0000000e+00   5.6166578e+00
   6.7300000e-01   6.0000000e+00   5.6137708e+00
   6.7400000e-01   6.0000000e+00   5.5616654e+00
   6.7500000e-01   6.0000000e+00   5.7487855e+00
   6.7600000e-01   6.0000000e+00   5.4863596e+00
   6.7700000e-01   6.0000000e+00   5.7337177e+00
   6.7800000e-01   6.0000000e+00   5.6165695e+00
   6.7900000e-01   6.0000000e+00   5.6995523e+00
   6.8000000e-01   6.0000000e+00   5.6371765e+00
   6.8100000e-01   6.0000000e+00   5.6580765e+00
   6.8200000e-01   6.0000000e+00   5.5972546e+00
   6.8300000e-01   6.0000000e+00   5.5642396e+00
   6.8400000e-01   6.0000000e+00   5.4940867e+00
   6.8500000e-01   6.0000000e+00   5.6864649e+00
   6.8600000e-01   6.0000000e+00   5.6181696e+00
   6.8700000e-01   6.0000000e+00   5.7161040e+00
   6.8800000e-01   6.0000000e+00   5.8296906e+00
   6.8900000e-01   6.0000000e+00   5.7147213e+00
   6.9000000e-01   6.0000000e+00   5.6573634e+00
   6.9100000e-01   6.0000000e+00   5.6230360e+00
   6.9200000e-01   6.0000000e+00   5.7112464e+00
   6.9300000e-01   6.0000000e+00   5.7290291e+00
   6.9400000e-01   6.0000000e+00   5.7262146e+00
   6.9500000e-01   6.0000000e+00   5.6900608e+00
   6.9600000e-01   6.0000000e+00   5.5884117e+00
   6.9700000e-01   6.0000000e+00   5.7547451e+00
   6.9800000e-01   6.0000000e+00   5.6314614e+00
   6.9900000e-01   6.0000000e+00   5.6470499e+00
   7.0000000e-01   6.0000000e+00   5.7333082e+00
   7.0100000e-01   6.0000000e+00   5.5930652e+00
   7.0200000e-01   6.0000000e+00   5.6815706e+00
   7.0300000e-01   6.0000000e+00   5.6602760e+00
   7.0400000e-01   6.0000000e+00   5.7009693e+00
   7.0500000e-01   6.0000000e+00   5.7586609e+00
   7.0600000e-01   6.0000000e+00   5.7629598e+00
   7.0700000e-01   6.0000000e+00   5.8414077e+00
   7.0800000e-01   6.0000000e+00   5.7208049e+00
   7.0900000e-01   6.0000000e+00   5.7179821e+00
   7.1000000e-01   6.0000000e+00   5.6654782e+00
   7.1100000e-01   6.0000000e+00   5.6270837e+00
   7.1200000e-01   6.0000000e+00   5.6800300e+00
   7.1300000e-01   6.0000000e+00   5.7352570e+00
   7.1400000e-01   6.0000000e+00   5.7967631e+00
   7.1500000e-01   6.0000000e+00   5.7891836e+00
   7.1600000e-01   6.0000000e+00   5.7580513e+00
   7.1700000e-01   6.0000000e+00   5.7244157e+00
   7.1800000e-01   6.0000000e+00   5.6912173e+00
   7.1900000e-01   6.0000000e+00   5.7728680e+00
   7.2000000e-01   6.0000000e+00   5.6944450e+00
   7.2100000e-01   6.0000000e+00   5.6858749e+00
   7.2200000e-01   6.0000000e+00   5.7869844e+00
   7.2300000e-01   6.0000000e+00   5.8037598e+00
   7.2400000e-01   6.0000000e+00   5.7175485e+00
   7.2500000e-01   6.0000000e+00   5.6413785e+00
   7.2600000e-01   6.0000000e+00   5.6753836e+00
   7.2700000e-01   6.0000000e+00   5.6711530e+00
   7.2800000e-01   6.0000000e+00   5.6870029e+00
   7.2900000e-01   6.0000000e+00   5.8149693e+00
   7.3000000e-01   6.0000000e+00   5.6755170e+00
   7.3100000e-01   6.0000000e+00   5.6464168e+00
   7.3200000e-01   6.0000000e+00   5.5951137e+00
   7.3300000e-01   6.0000000e+00   5.5806654e+00
   7.3400000e-01   6.0000000e+00   5.7545173e+00
   7.3500000e-01   6.0000000e+00   5.7170055e+00
   7.3600000e-01   6.0000000e+00   5.7864017e+00
   7.3700000e-01   6.0000000e+00   5.6867003e+00
   7.3800000e-01   6.0000000e+00   5.8381304e+00
   7.3900000e-01   6.0000000e+00   5.6672750e+00
   7.4000000e-01   6.0000000e+00   5.6978048e+00
   7.4100000e-01   6.0000000e+00   5.7338657e+00
   7.4200000e-01   6.0000000e+00   5.8082145e+00
   7.4300000e-01   6.0000000e+00   5.8333559e+00
   7.4400000e-01   6.0000000e+00   5.7883360e+00
   7.4500000e-01   6.0000000e+00   5.7097162e+00
   7.4600000e-01   6.0000000e+00   5.8395064e+00
   7.4700000e-01   6.0000000e+00   5.7394039e+00
   7.4800000e-01   6.0000000e+00   5.6553409e+00
   7.4900000e-01   6.0000000e+00   5.7509604e+00
   7.5000000e-01   6.0000000e+00   5.8118370e+00
   7.5100000e-01   6.0000000e+00   5.7233629e+00
   7.5200000e-01   6.0000000e+00   5.8398196e+00
   7.5300000e-01   6.0000000e+00   5.6153014e+00
   7.5400000e-01   6.0000000e+00   5.8541343e+00
   7.5500000e-01   6.0000000e+00   5.7945432e+00
   7.5600000e-01   6.0000000e+00   5.6722556e+00
   7.5700000e-01   6.0000000e+00   5.7049858e+00
   7.5800000e-01   6.0000000e+00   5.7953065e+00
   7.5900000e-01   6.0000000e+00   5.7074067e+00
   7.6000000e-01   6.0000000e+00   5.8101568e+00
   7.6100000e-01   6.0000000e+00   5.6804725e+00
   7.6200000e-01   6.0000000e+00   5.7391004e+00
   7.6300000e-01   6.0000000e+00   5.7916448e+00
   7.6400000e-01   6.0000000e+00   5.7159495e+00
   7.6500000e-01   6.0000000e+00   5.7735537e+00
   7.6600000e-01   6.0000000e+00   5.6579316e+00
   7.6700000e-01   6.0000000e+00   5.7487236e+00
   7.6800000e-01   6.0000000e+00   5.6897613e+00
   7.6900000e-01   6.0000000e+00   5.8468637e+00
   7.7000000e-01   6.0000000e+00   5.7798794e+00
   7.7100000e-01   6.0000000e+00   5.7193034e+00
   7.7200000e-01   6.0000000e+00   5.6846685e+00
   7.7300000e-01   6.0000000e+00   5.8964658e+00
   7.7400000e-01   6.0000000e+00   5.8805923e+00
   7.7500000e-01   6.0000000e+00   5.7027283e+00
   7.7600000e-01   6.0000000e+00   5.7636384e+00
   7.7700000e-01   6.0000000e+00   5.8532518e+00
   7.7800000e-01   6.0000000e+00   5.7949205e+00
   7.7900000e-01   6.0000000e+00   5.7065481e+00
   7.8000000e-01   6.0000000e+00   5.9485554e+00
   7.8100000e-01   6.0000000e+00   5.7839609e+00
   7.8200000e-01   6.0000000e+00   5.5721097e+00
   7.8300000e-01   6.0000000e+00   5.7930904e+00
   7.8400000e-01   6.0000000e+00   5.7131279e+00
   7.8500000e-01   6.0000000e+00   5.7506872e+00
   7.8600000e-01   6.0000000e+00   5.8081778e+00
   7.8700000e-01   6.0000000e+00   5.8435221e+00
   7.8800000e-01   6.0000000e+00   5.9082096e+00
   7.8900000e-01   6.0000000e+00   5.7285279e+00
   7.9000000e-01   6.0000000e+00   5.7710790e+00
   7.9100000e-01   6.0000000e+00   5.7381968e+00
   7.9200000e-01   6.0000000e+00   5.8472884e+00
   7.9300000e-01   6.0000000e+00   5.8569779e+00
   7.9400000e-01   6.0000000e+00   5.8597060e+00
   7.9500000e-01   6.0000000e+00   5.8539621e+00
   7.9600000e-01   6.0000000e+00   5.7135237e+00
   7.9700000e-01   6.0000000e+00   5.7479862e+00
   7.9800000e-01   6.0000000e+00   5.7932617e+00
   7.9900000e-01   6.0000000e+00   5.6975352e+00
   8.0000000e-01   6.0000000e+00   5.9045038e+00
   8.0100000e-01   6.0000000e+00   5.7921007e+00
   8.0200000e-01   6.0000000e+00   5.7033257e+00
   8.0300000e-01   6.0000000e+00   5.6847516e+00
   8.0400000e-01   6.0000000e+00   5.8088830e+00
   8.0500000e-01   6.0000000e+00   5.7370773e+00
   8.0600000e-01   6.0000000e+00   5.7776580e+00
   8.0700000e-01   6.0000000e+00   5.7601934e+00
   8.0800000e-01   6.0000000e+00   5.8015375e+00
   8.0900000e-01   6.0000000e+00   5.7780470e+00
   8.1000000e-01   6.0000000e+00   5.9204484e+00
   8.1100000e-01   6.0000000e+00   5.7609850e+00
   8.1200000e-01   6.0000000e+00   5.6807190e+00
   8.1300000e-01   6.0000000e+00   5.7429801e+00
   8.1400000e-01   6.0000000e+00   5.8382205e+00
   8.1500000e-01   6.0000000e+00   5.9148819e+00
   8.1600000e-01   6.0000000e+00   5.7043860e+00
   8.1700000e-01   6.0000000e+00   5.9196408e+00
   8.1800000e-01   6.0000000e+00   5.7778049e+00
   8.1900000e-01   6.0000000e+00   5.8530210e+00
   8.2000000e-01   6.0000000e+00   5.8499277e+00
   8.2100000e-01   6.0000000e+00   5.6720065e+00
   8.2200000e-01   6.0000000e+00   5.7961817e+00
   8.2300000e-01   6.0000000e+00   5.7903122e+00
   8.2400000e-01   6.0000000e+00   5.8592340e+00
   8.2500000e-01   6.0000000e+00   5.7412991e+00
   8.2600000e-01   6.0000000e+00   5.8479584e+00
   8.2700000e-01   6.0000000e+00   5.7192794e+00
   8.2800000e-01   6.0000000e+00   5.8027304e+00
   8.2900000e-01   6.0000000e+00   5.8326374e+00
   8.3000000e-01   6.0000000e+00   5.7388970e+00
   8.3100000e-01   6.0000000e+00   5.7475218e+00
   8.3200000e-01   6.0000000e+00   5.7812388e+00
   8.3300000e-01   6.0000000e+00   5.6390068e+00
   8.3400000e-01   6.0000000e+00   5.8769571e+00
   8.3500000e-01   6.0000000e+00   5.7575155e+00
   8.3600000e-01   6.0000000e+00   5.7851583e+00
   8.3700000e-01   6.0000000e+00   5.7974956e+00
   8.3800000e-01   6.0000000e+00   5.9117625e+00
   8.3900000e-01   6.0000000e+00   5.8170757e+00
   8.4000000e-01   6.0000000e+00   5.9222293e+00
   8.4100000e-01   6.0000000e+00   5.7816608e+00
   8.4200000e-01   6.0000000e+00   5.6910747e+00
   8.4300000e-01   6.0000000e+00   5.7752325e+00
   8.4400000e-01   6.0000000e+00   5.7692730e+00
   8.4500000e-01   6.0000000e+00   5.7938622e+00
   8.4600000e-01   6.0000000e+00   5.8606357e+00
   8.4700000e-01   6.0000000e+00   5.7690252e+00
   8.4800000e-01   6.0000000e+00   5.8126162e+00
   8.4900000e-01   6.0000000e+00   5.7421960e+00
   8.5000000e-01   6.0000000e+00   5.7750198e+00
   8.5100000e-01   6.0000000e+00   5.8419499e+00
   8.5200000e-01   6.0000000e+00   5.8487454e+00
   8.5300000e-01   6.0000000e+00   5.9860298e+00
   8.5400000e-01   6.0000000e+00   5.9401377e+00
   8.5500000e-01   6.0000000e+00   5.8562391e+00
   8.5600000e-01   6.0000000e+00   5.8664841e+00
   8.5700000e-01   6.0000000e+00   5.7537346e+00
   8.5800000e-01   6.0000000e+00   5.6399688e+00
   8.5900000e-01   6.0000000e+00   5.8555772e+00
   8.6000000e-01   6.0000000e+00   5.6981148e+00
   8.6100000e-01   6.0000000e+00   5.8477516e+00
   8.6200000e-01   6.0000000e+00   5.7085287e+00
   8.6300000e-01   6.0000000e+00   5.7240749e+00
   8.6400000e-01   6.0000000e+00   5.7513847e+00
   8.6500000e-01   6.0000000e+00   5.8129764e+00
   8.6600000e-01   6.0000000e+00   5.6984925e+00
   8.6700000e-01   6.0000000e+00   5.7668795e+00
   8.6800000e-01   6.0000000e+00   5.8667843e+00
   8.6900000e-01   6.0000000e+00   5.8737281e+00
   8.7000000e-01   6.0000000e+00   5.8427737e+00
   8.7100000e-01   6.0000000e+00   5.8146472e+00
   8.7200000e-01   6.0000000e+00   5.7384977e+00
   8.7300000e-01   6.0000000e+00   5.7346966e+00
   8.7400000e-01   6.0000000e+00   5.8048682e+00
   8.7500000e-01   6.0000000e+00   5.7750410e+00
   8.7600000e-01   6.0000000e+00   5.8446513e+00
   8.7700000e-01   6.0000000e+00   5.7540313e+00
   8.7800000e-01   6.0000000e+00   5.7796987e+00
   8.7900000e-01   6.0000000e+00   5.8787292e+00
   8.8000000e-01   6.0000000e+00   5.8187350e+00
   8.8100000e-01   6.0000000e+00   5.9160096e+00
   8.8200000e-01   6.0000000e+00   5.9092867e+00
   8.8300000e-01   6.0000000e+00   5.7294290e+00
   8.8400000e-01   6.0000000e+00   5.8873189e+00
   8.8500000e-01   6.0000000e+00   5.7991379e+00
   8.8600000e-01   6.0000000e+00   5.9549037e+00
   8.8700000e-01   6.0000000e+00   5.8362682e+00
   8.8800000e-01   6.0000000e+00   5.9833613e+00
   8.8900000e-01   6.0000000e+00   5.9054706e+00
   8.9000000e-01   6.0000000e+00   5.8520513e+00
   8.9100000e-01   6.0000000e+00   5.7394702e+00
   8.9200000e-01   6.0000000e+00   5.8265196e+00
   8.9300000e-01   6.0000000e+00   5.8072760e+00
   8.9400000e-01   6.0000000e+00   5.7866288e+00
   8.9500000e-01   6.0000000e+00   5.7638236e+00
   8.9600000e-01   6.0000000e+00   5.9819989e+00
   8.9700000e-01   6.0000000e+00   5.8941303e+00
   8.9800000e-01   6.0000000e+00   5.8671148e+00
   8.9900000e-01   6.0000000e+00   5.7972298e+00
   9.0000000e-01   6.0000000e+00   5.8149371e+00
   9.0100000e-01   6.0000000e+00   5.7781057e+00
   9.0200000e-01   6.0000000e+00   5.9190882e+00
   9.0300000e-01   6.0000000e+00   5.8635966e+00
   9.0400000e-01   6.0000000e+00   5.8809252e+00
   9.0500000e-01   6.0000000e+00   5.8721384e+00
   9.0600000e-01   6.0000000e+00   5.8557745e+00
   9.0700000e-01   6.0000000e+00   5.8937048e+00
   9.0800000e-01   6.0000000e+00   5.9613382e+00
   9.0900000e-01   6.0000000e+00   5.8661489e+00
   9.1000000e-01   6.0000000e+00   5.7036409e+00
   9.1100000e-01   6.0000000e+00   5.8399909e+00
   9.1200000e-01   6.0000000e+00   5.8154713e+00
   9.1300000e-01   6.0000000e+00   5.8621953e+00
   9.1400000e-01   6.0000000e+00   5.8433691e+00
   9.1500000e-01   6.0000000e+00   5.8414519e+00
   9.1600000e-01   6.0000000e+00   5.8098499e+00
   9.1700000e-01   6.0000000e+00   5.9800197e+00
   9.1800000e-01   6.0000000e+00   5.8679774e+00
   9.1900000e-01   6.0000000e+00   5.8317094e+00
   9.2000000e-01   6.0000000e+00   5.8810362e+00
   9.2100000e-01   6.0000000e+00   5.8120794e+00
   9.2200000e-01   6.0000000e+00   5.9124547e+00
   9.2300000e-01   6.0000000e+00   5.7550258e+00
   9.2400000e-01   6.0000000e+00   5.8751175e+00
   9.2500000e-01   6.0000000e+00   5.9540653e+00
   9.2600000e-01   6.0000000e+00   5.9281691e+00
   9.2700000e-01   6.0000000e+00   5.8982976e+00
   9.2800000e-01   6.0000000e+00   5.8166385e+00
   9.2900000e-01   6.0000000e+00   5.9952037e+00
   9.3000000e-01   6.0000000e+00   5.8183265e+00
   9.3100000e-01   6.0000000e+00   5.8283723e+00
   9.3200000e-01   6.0000000e+00   5.7169114e+00
   9.3300000e-01   6.0000000e+00   5.8627625e+00
   9.3400000e-01   6.0000000e+00   5.8936281e+00
   9.3500000e-01   6.0000000e+00   5.8300970e+00
   9.3600000e-01   6.0000000e+00   5.9481113e+00
   9.3700000e-01   6.0000000e+00   5.9184884e+00
   9.3800000e-01   6.0000000e+00   5.7378432e+00
   9.3900000e-01   6.0000000e+00   5.9677598e+00
   9.4000000e-01   6.0000000e+00   5.8052531e+00
   9.4100000e-01   6.0000000e+00   5.9599116e+00
   9.4200000e-01   6.0000000e+00   5.8460189e+00
   9.4300000e-01   6.0000000e+00   5.9008965e+00
   9.4400000e-01   6.0000000e+00   5.8712368e+00
   9.4500000e-01   6.0000000e+00   5.9152158e+00
   9.4600000e-01   6.0000000e+00   5.8562771e+00
   9.4700000e-01   6.0000000e+00   5.8988437e+00
   9.4800000e-01   6.0000000e+00   5.7659383e+00
   9.4900000e-01   6.0000000e+00   5.8820033e+00
   9.5000000e-01   6.0000000e+00   6.0462340e+00
   9.5100000e-01   6.0000000e+00   5.8863174e+00
   9.5200000e-01   6.0000000e+00   5.8651432e+00
   9.5300000e-01   6.0000000e+00   5.7853590e+00
   9.5400000e-01   6.0000000e+00   5.9561176e+00
   9.5500000e-01   6.0000000e+00   5.8635834e+00
   9.5600000e-01   6.0000000e+00   5.8461551e+00
   9.5700000e-01   6.0000000e+00   6.0014655e+00
   9.5800000e-01   6.0000000e+00   5.7599736e+00
   9.5900000e-01   6.0000000e+00   5.8340645e+00
   9.6000000e-01   6.0000000e+00   5.8383494e+00
   9.6100000e-01   6.0000000e+00   5.9841293e+00
   9.6200000e-01   6.0000000e+00   5.9597634e+00
   9.6300000e-01   6.0000000e+00   5.9632475e+00
   9.6400000e-01   6.0000000e+00   5.8815542e+00
   9.6500000e-01   6.0000000e+00   5.9753344e+00
   9.6600000e-01   6.0000000e+00   5.7909968e+00
   9.6700000e-01   6.0000000e+00   5.9161411e+00
   9.6800000e-01   6.0000000e+00   5.8943652e+00
   9.6900000e-01   6.0000000e+00   5.9555269e+00
   9.7000000e-01   6.0000000e+00   5.8126793e+00
   9.7100000e-01   6.0000000e+00   5.9009464e+00
   9.7200000e-01   6.0000000e+00   5.9453620e+00
   9.7300000e-01   6.0000000e+00   5.8625049e+00
   9.7400000e-01   6.0000000e+00   5.8649997e+00
   9.7500000e-01   6.0000000e+00   5.8951351e+00
   9.7600000e-01   6.0000000e+00   5.8271575e+00
   9.7700000e-01   6.0000000e+00   5.8320244e+00
   9.7800000e-01   6.0000000e+00   5.8812038e+00
   9.7900000e-01   6.0000000e+00   5.8775731e+00
   9.8000000e-01   6.0000000e+00   5.8431251e+00
   9.8100000e-01   6.0000000e+00   5.7817107e+00
   9.8200000e-01   6.0000000e+00   6.0327556e+00
   9.8300000e-01   6.0000000e+00   5.9022176e+00
   9.8400000e-01   6.0000000e+00   5.8397450e+00
   9.8500000e-01   6.0000000e+00   5.8273628e+00
   9.8600000e-01   6.0000000e+00   5.9250063e+00
   9.8700000e-01   6.0000000e+00   5.8847009e+00
   9.8800000e-01   6.0000000e+00   5.8959624e+00
   9.8900000e-01   6.0000000e+00   5.8231143e+00
   9.9000000e-01   6.0000000e+00   5.8171013e+00
   9.9100000e-01   6.0000000e+00   5.8776535e+00
   9.9200000e-01   6.0000000e+00   5.8860190e+00
   9.9300000e-01   6.0000000e+00   5.8732412e+00
   9.9400000e-01   6.0000000e+00   5.9024735e+00
   9.9500000e-01   6.0000000e+00   5.9041323e+00
   9.9600000e-01   6.0000000e+00   5.7777012e+00
   9.9700000e-01   6.0000000e+00   5.9283133e+00
   9.9800000e-01   6.0000000e+00   5.8463142e+00
   9.9900000e-01   6.0000000e+00   5.9841022e+00
   1.0000000e+00   6.0000000e+00   5.8716762e+00
   1.0010000e+00   6.0000000e+00   5.8863238e+00
   1.0020000e+00   6.0000000e+00   5.8226279e+00
   1.0030000e+00   6.0000000e+00   6.0046069e+00
   1.0040000e+00   6.0000000e+00   5.8283563e+00
   1.0050000e+00   6.0000000e+00   5.9488370e+00
   1.0060000e+00   6.0000000e+00   5.8636345e+00
   1.0070000e+00   6.0000000e+00   5.8608632e+00
   1.0080000e+00   6.0000000e+00   5.9918760e+00
   1.0090000e+00   6.0000000e+00   5.9710151e+00
   1.0100000e+00   6.0000000e+00   5.9084083e+00
   1.0110000e+00   6.0000000e+00   5.8721037e+00
   1.0120000e+00   6.0000000e+00   6.0065600e+00
   1.0130000e+00   6.0000000e+00   5.8409782e+00
   1.0140000e+00   6.0000000e+00   5.9906754e+00
   1.0150000e+00   6.0000000e+00   5.8143351e+00
   1.0160000e+00   6.0000000e+00   5.7632796e+00
   1.0170000e+00   6.0000000e+00   5.8299095e+00
   1.0180000e+00   6.0000000e+00   5.9747320e+00
   1.0190000e+00   6.0000000e+00   5.9589107e+00
   1.0200000e+00   6.0000000e+00   5.8627669e+00
   1.0210000e+00   6.0000000e+00   5.9094130e+00
   1.0220000e+00   6.0000000e+00   5.8977160e+00
   1.0230000e+00   6.0000000e+00   5.9865628e+00
   1.0240000e+00   6.0000000e+00   5.8826848e+00
   1.0250000e+00   6.0000000e+00   5.9146851e+00
   1.0260000e+00   6.0000000e+00   5.8307687e+00
   1.0270000e+00   6.0000000e+00   5.9157807e+00
   1.0280000e+00   6.0000000e+00   5.8417036e+00
   1.0290000e+00   6.0000000e+00   6.0092182e+00
   1.0300000e+00   6.0000000e+00   5.9214347e+00
   1.0310000e+00   6.0000000e+00   5.8732816e+00
   1.0320000e+00   6.0000000e+00   5.8711619e+00
   1.0330000e+00   6.0000000e+00   5.9576091e+00
   1.0340000e+00   6.0000000e+00   5.9895843e+00
   1.0350000e+00   6.0000000e+00   5.8621310e+00
   1.0360000e+00   6.0000000e+00   5.9080413e+00
   1.0370000e+00   6.0000000e+00   5.9266368e+00
   1.0380000e+00   6.0000000e+00   5.9645663e+00
   1.0390000e+00   6.0000000e+00   5.9618076e+00
   1.0400000e+00   6.0000000e+00   5.9092159e+00
   1.0410000e+00   6.0000000e+00   5.8943146e+00
   1.0420000e+00   6.0000000e+00   5.8783759e+00
   1.0430000e+00   6.0000000e+00   5.8747420e+00
   1.0440000e+00   6.0000000e+00   5.9427937e+00
   1.0450000e+00   6.0000000e+00   5.9773655e+00
   1.0460000e+00   6.0000000e+00   5.9767095e+00
   1.0470000e+00   6.0000000e+00   5.7553040e+00
   1.0480000e+00   6.0000000e+00   5.8768476e+00
   1.0490000e+00   6.0000000e+00   6.0078068e+00
   1.0500000e+00   6.0000000e+00   5.9381605e+00
   1.0510000e+00   6.0000000e+00   5.9741814e+00
   1.0520000e+00   6.0000000e+00   5.7898564e+00
   1.0530000e+00   6.0000000e+00   5.8458936e+00
   1.0540000e+00   6.0000000e+00   5.8948671e+00
   1.0550000e+00   6.0000000e+00   5.8050274e+00
   1.0560000e+00   6.0000000e+00   5.8800854e+00
   1.0570000e+00   6.0000000e+00   5.9323454e+00
   1.0580000e+00   6.0000000e+00   5.9317772e+00
   1.0590000e+00   6.0000000e+00   5.8078737e+00
   1.0600000e+00   6.0000000e+00   5.9637760e+00
   1.0610000e+00   6.0000000e+00   5.8836355e+00
   1.0620000e+00   6.0000000e+00   5.8833005e+00
   1.0630000e+00   6.0000000e+00   5.8237317e+00
   1.0640000e+00   6.0000000e+00   5.8464948e+00
   1.0650000e+00   6.0000000e+00   5.8773599e+00
   1.0660000e+00   6.0000000e+00   5.9058867e+00
   1.0670000e+00   6.0000000e+00   5.8974634e+00
   1.0680000e+00   6.0000000e+00   5.9018698e+00
   1.0690000e+00   6.0000000e+00   5.8193016e+00
   1.0700000e+00   6.0000000e+00   5.8906421e+00
   1.0710000e+00   6.0000000e+00   5.8491738e+00
   1.0720000e+00   6.0000000e+00   5.9082968e+00
   1.0730000e+00   6.0000000e+00   5.9247123e+00
   1.0740000e+00   6.0000000e+00   5.9343952e+00
   1.0750000e+00   6.0000000e+00   5.9521529e+00
   1.0760000e+00   6.0000000e+00   5.9202313e+00
   1.0770000e+00   6.0000000e+00   5.7908550e+00
   1.0780000e+00   6.0000000e+00   5.9105903e+00
   1.0790000e+00   6.0000000e+00   5.9456762e+00
   1.0800000e+00   6.0000000e+00   5.8568271e+00
   1.0810000e+00   6.0000000e+00   6.0472941e+00
   1.0820000e+00   6.0000000e+00   5.9606044e+00
   1.0830000e+00   6.0000000e+00   5.8390958e+00
   1.0840000e+00   6.0000000e+00   5.8837782e+00
   1.0850000e+00   6.0000000e+00   5.9053370e+00
   1.0860000e+00   6.0000000e+00   5.9251841e+00
   1.0870000e+00   6.0000000e+00   5.8716027e+00
   1.0880000e+00   6.0000000e+00   5.8475756e+00
   1.0890000e+00   6.0000000e+00   5.8829348e+00
   1.0900000e+00   6.0000000e+00   5.9197677e+00
   1.0910000e+00   6.0000000e+00   5.8665841e+00
   1.0920000e+00   6.0000000e+00   5.8080297e+00
   1.0930000e+00   6.0000000e+00   5.9909301e+00
   1.0940000e+00   6.0000000e+00   5.9730298e+00
   1.0950000e+00   6.0000000e+00   5.8411681e+00
   1.0960000e+00   6.0000000e+00   5.8867049e+00
   1.0970000e+00   6.0000000e+00   6.0089068e+00
   1.0980000e+00   6.0000000e+00   5.9025165e+00
   1.0990000e+00   6.0000000e+00   5.9256867e+00
   1.1000000e+00   6.0000000e+00   5.8938911e+00
   1.1010000e+00   6.0000000e+00   5.9136746e+00
   1.1020000e+00   6.0000000e+00   5.9074768e+00
   1.1030000e+00   6.0000000e+00   5.9875325e+00
   1.1040000e+00   6.0000000e+00   6.0414404e+00
   1.1050000e+00   6.0000000e+00   6.0308198e+00
   1.1060000e+00   6.0000000e+00   5.8830652e+00
   1.1070000e+00   6.0000000e+00   5.9971574e+00
   1.1080000e+00   6.0000000e+00   5.9983068e+00
   1.1090000e+00   6.0000000e+00   5.9530701e+00
   1.1100000e+00   6.0000000e+00   5.9909712e+00
   1.1110000e+00   6.0000000e+00   5.8464388e+00
   1.1120000e+00   6.0000000e+00   5.8023491e+00
   1.1130000e+00   6.0000000e+00   5.9992605e+00
   1.1140000e+00   6.0000000e+00   5.8728823e+00
   1.1150000e+00   6.0000000e+00   5.9252467e+00
   1.1160000e+00   6.0000000e+00   5.8581059e+00
   1.1170000e+00   6.0000000e+00   5.9831177e+00
   1.1180000e+00   6.0000000e+00   6.0434102e+00
   1.1190000e+00   6.0000000e+00   5.9383597e+00
   1.1200000e+00   6.0000000e+00   5.8584500e+00
   1.1210000e+00   6.0000000e+00   5.9948919e+00
   1.1220000e+00   6.0000000e+00   5.9618299e+00
   1.1230000e+00   6.0000000e+00   5.8538859e+00
   1.1240000e+00   6.0000000e+00   5.9034658e+00
   1.1250000e+00   6.0000000e+00   5.8319923e+00
   1.1260000e+00   6.0000000e+00   5.9532541e+00
   1.1270000e+00   6.0000000e+00   6.0992224e+00
   1.1280000e+00   6.0000000e+00   5.7753864e+00
   1.1290000e+00   6.0000000e+00   5.9068053e+00
   1.1300000e+00   6.0000000e+00   5.9015250e+00
   1.1310000e+00   6.0000000e+00   6.0161682e+00
   1.1320000e+00   6.0000000e+00   5.8556910e+00
   1.1330000e+00   6.0000000e+00   5.8153788e+00
   1.1340000e+00   6.0000000e+00   6.0277491e+00
   1.1350000e+00   6.0000000e+00   5.8859385e+00
   1.1360000e+00   6.0000000e+00   5.8857117e+00
   1.1370000e+00   6.0000000e+00   5.9359435e+00
   1.1380000e+00   6.0000000e+00   5.9386616e+00
   1.1390000e+00   6.0000000e+00   5.8480949e+00
   1.1400000e+00   6.0000000e+00   5.9612587e+00
   1.1410000e+00   6.0000000e+00   5.9018552e+00
   1.1420000e+00   6.0000000e+00   5.8892912e+00
   1.1430000e+00   6.0000000e+00   5.8806004e+00
   1.1440000e+00   6.0000000e+00   5.9675266e+00
   1.1450000e+00   6.0000000e+00   5.9896478e+00
   1.1460000e+00   6.0000000e+00   6.0029947e+00
   1.1470000e+00   6.0000000e+00   5.9065232e+00
   1.1480000e+00   6.0000000e+00   6.0022872e+00
   1.1490000e+00   6.0000000e+00   5.9712243e+00
   1.1500000e+00   6.0000000e+00   5.9797629e+00
   1.1510000e+00   6.0000000e+00   5.9309807e+00
   1.1520000e+00   6.0000000e+00   5.9170693e+00
   1.1530000e+00   6.0000000e+00   5.9877492e+00
   1.1540000e+00   6.0000000e+00   6.0572016e+00
   1.1550000e+00   6.0000000e+00   5.9550991e+00
   1.1560000e+00   6.0000000e+00   5.8909357e+00
   1.1570000e+00   6.0000000e+00   6.0599679e+00
   1.1580000e+00   6.0000000e+00   5.8419032e+00
   1.1590000e+00   6.0000000e+00   5.9355238e+00
   1.1600000e+00   6.0000000e+00   5.9090165e+00
   1.1610000e+00   6.0000000e+00   5.8514077e+00
   1.1620000e+00   6.0000000e+00   5.9009995e+00
   1.1630000e+00   6.0000000e+00   5.8717507e+00
   1.1640000e+00   6.0000000e+00   5.8950039e+00
   1.1650000e+00   6.0000000e+00   5.8390137e+00
   1.1660000e+00   6.0000000e+00   5.8419360e+00
   1.1670000e+00   6.0000000e+00   5.8918947e+00
   1.1680000e+00   6.0000000e+00   5.9182149e+00
   1.1690000e+00   6.0000000e+00   5.9420275e+00
   1.1700000e+00   6.0000000e+00   5.9230569e+00
   1.1710000e+00   6.0000000e+00   6.0316387e+00
   1.1720000e+00   6.0000000e+00   5.8880841e+00
   1.1730000e+00   6.0000000e+00   5.9617955e+00
   1.1740000e+00   6.0000000e+00   5.7889990e+00
   1.1750000e+00   6.0000000e+00   5.8868139e+00
   1.1760000e+00   6.0000000e+00   5.7698324e+00
   1.1770000e+00   6.0000000e+00   5.8366855e+00
   1.1780000e+00   6.0000000e+00   5.8839469e+00
   1.1790000e+00   6.0000000e+00   5.8887218e+00
   1.1800000e+00   6.0000000e+00   5.9114470e+00
   1.1810000e+00   6.0000000e+00   5.8343708e+00
   1.1820000e+00   6.0000000e+00   5.8686981e+00
   1.1830000e+00   6.0000000e+00   6.0155714e+00
   1.1840000e+00   6.0000000e+00   5.8898576e+00
   1.1850000e+00   6.0000000e+00   5.9207217e+00
   1.1860000e+00   6.0000000e+00   5.9640870e+00
   1.1870000e+00   6.0000000e+00   6.0159626e+00
   1.1880000e+00   6.0000000e+00   5.8763395e+00
   1.1890000e+00   6.0000000e+00   5.7889238e+00
   1.1900000e+00   6.0000000e+00   5.8807292e+00
   1.1910000e+00   6.0000000e+00   5.9996858e+00
   1.1920000e+00   6.0000000e+00   5.9397590e+00
   1.1930000e+00   6.0000000e+00   6.0182104e+00
   1.1940000e+00   6.0000000e+00   5.9690653e+00
   1.1950000e+00   6.0000000e+00   5.9604130e+00
   1.1960000e+00   6.0000000e+00   5.8614773e+00
   1.1970000e+00   6.0000000e+00   5.9446229e+00
   1.1980000e+00   6.0000000e+00   5.9066447e+00
   1.1990000e+00   6.0000000e+00   5.9085169e+00
   1.2000000e+00   6.0000000e+00   5.8987728e+00
   1.2010000e+00   6.0000000e+00   5.9181856e+00
   1.2020000e+00   6.0000000e+00   5.9382520e+00
   1.2030000e+00   6.0000000e+00   5.9969087e+00
   1.2040000e+00   6.0000000e+00   5.8958598e+00
   1.2050000e+00   6.0000000e+00   5.9133271e+00
   1.2060000e+00   6.0000000e+00   5.9586998e+00
   1.2070000e+00   6.0000000e+00   5.9942688e+00
   1.2080000e+00   6.0000000e+00   5.9802421e+00
   1.2090000e+00   6.0000000e+00   5.9333508e+00
   1.2100000e+00   6.0000000e+00   5.8834362e+00
   1.2110000e+00   6.0000000e+00   5.8437507e+00
   1.2120000e+00   6.0000000e+00   5.9273334e+00
   1.2130000e+00   6.0000000e+00   5.9574650e+00
   1.2140000e+00   6.0000000e+00   6.0302199e+00
   1.2150000e+00   6.0000000e+00   5.9298054e+00
   1.2160000e+00   6.0000000e+00   5.9105395e+00
   1.2170000e+00   6.0000000e+00   5.8778098e+00
   1.2180000e+00   6.0000000e+00   6.0080456e+00
   1.2190000e+00   6.0000000e+00   5.9395358e+00
   1.2200000e+00   6.0000000e+00   5.9858438e+00
   1.2210000e+00   6.0000000e+00   6.0118675e+00
   1.2220000e+00   6.0000000e+00   5.9334593e+00
   1.2230000e+00   6.0000000e+00   5.9026206e+00
   1.2240000e+00   6.0000000e+00   5.8719982e+00
   1.2250000e+00   6.0000000e+00   5.8869062e+00
   1.2260000e+00   6.0000000e+00   5.8669258e+00
   1.2270000e+00   6.0000000e+00   5.8981460e+00
   1.2280000e+00   6.0000000e+00   5.9441806e+00
   1.2290000e+00   6.0000000e+00   5.9426910e+00
   1.2300000e+00   6.0000000e+00   6.0235644e+00
   1.2310000e+00   6.0000000e+00   5.9022760e+00
   1.2320000e+00   6.0000000e+00   5.9449195e+00
   1.2330000e+00   6.0000000e+00   5.9658954e+00
   1.2340000e+00   6.0000000e+00   5.8549846e+00
   1.2350000e+00   6.0000000e+00   5.9530028e+00
   1.2360000e+00   6.0000000e+00   6.0529440e+00
   1.2370000e+00   6.0000000e+00   5.8899012e+00
   1.2380000e+00   6.0000000e+00   5.8699491e+00
   1.2390000e+00   6.0000000e+00   5.9131438e+00
   1.2400000e+00   6.0000000e+00   5.8481345e+00
   1.2410000e+00   6.0000000e+00   6.0036335e+00
   1.2420000e+00   6.0000000e+00   5.9350863e+00
   1.2430000e+00   6.0000000e+00   5.9722237e+00
   1.2440000e+00   6.0000000e+00   5.8530979e+00
   1.2450000e+00   6.0000000e+00   5.9114665e+00
   1.2460000e+00   6.0000000e+00   5.9816987e+00
   1.2470000e+00   6.0000000e+00   5.9613176e+00
   1.2480000e+00   6.0000000e+00   5.9015194e+00
   1.2490000e+00   6.0000000e+00   6.0545314e+00
   1.2500000e+00   6.0000000e+00   6.0204293e+00
   1.2510000e+00   6.0000000e+00   5.9653875e+00
   1.2520000e+00   6.0000000e+00   6.0006495e+00
   1.2530000e+00   6.0000000e+00   5.8929597e+00
   1.2540000e+00   6.0000000e+00   6.0152494e+00
   1.2550000e+00   6.0000000e+00   5.9282936e+00
   1.2560000e+00   6.0000000e+00   5.9501969e+00
   1.2570000e+00   6.0000000e+00   5.9369893e+00
   1.2580000e+00   6.0000000e+00   5.8781699e+00
   1.2590000e+00   6.0000000e+00   5.8700894e+00
   1.2600000e+00   6.0000000e+00   5.9463146e+00
   1.2610000e+00   6.0000000e+00   5.9242803e+00
   1.2620000e+00   6.0000000e+00   5.9390381e+00
   1.2630000e+00   6.0000000e+00   5.9827514e+00
   1.2640000e+00   6.0000000e+00   5.9062941e+00
   1.2650000e+00   6.0000000e+00   5.8400179e+00
   1.2660000e+00   6.0000000e+00   5.9239459e+00
   1.2670000e+00   6.0000000e+00   5.9229563e+00
   1.2680000e+00   6.0000000e+00   6.0013946e+00
   1.2690000e+00   6.0000000e+00   5.7661335e+00
   1.2700000e+00   6.0000000e+00   5.9300245e+00
   1.2710000e+00   6.0000000e+00   5.9729646e+00
   1.2720000e+00   6.0000000e+00   5.8509367e+00
   1.2730000e+00   6.0000000e+00   5.9737402e+00
   1.2740000e+00   6.0000000e+00   5.8792499e+00
   1.2750000e+00   6.0000000e+00   6.0422381e+00
   1.2760000e+00   6.0000000e+00   5.9218141e+00
   1.2770000e+00   6.0000000e+00   5.9082535e+00
   1.2780000e+00   6.0000000e+00   6.0654951e+00
   1.2790000e+00   6.0000000e+00   5.9459491e+00
   1.2800000e+00   6.0000000e+00   5.9202557e+00
   1.2810000e+00   6.0000000e+00   5.8861581e+00
   1.2820000e+00   6.0000000e+00   6.0866631e+00
   1.2830000e+00   6.0000000e+00   5.9197482e+00
   1.2840000e+00   6.0000000e+00   5.8477517e+00
   1.2850000e+00   6.0000000e+00   5.8156809e+00
   1.2860000e+00   6.0000000e+00   5.9497387e+00
   1.2870000e+00   6.0000000e+00   6.0091861e+00
   1.2880000e+00   6.0000000e+00   5.9814962e+00
   1.2890000e+00   6.0000000e+00   5.9881757e+00
   1.2900000e+00   6.0000000e+00   5.9247634e+00
   1.2910000e+00   6.0000000e+00   5.9173807e+00
   1.2920000e+00   6.0000000e+00   6.0215282e+00
   1.2930000e+00   6.0000000e+00   5.8245144e+00
   1.2940000e+00   6.0000000e+00   5.9050561e+00
   1.2950000e+00   6.0000000e+00   5.9828744e+00
   1.2960000e+00   6.0000000e+00   6.0165593e+00
   1.2970000e+00   6.0000000e+00   5.9075914e+00
   1.2980000e+00   6.0000000e+00   5.9259372e+00
   1.2990000e+00   6.0000000e+00   6.0144217e+00
   1.3000000e+00   6.0000000e+00   5.9661405e+00
   1.3010000e+00   6.0000000e+00   5.9117314e+00
   1.3020000e+00   6.0000000e+00   5.8457272e+00
   1.3030000e+00   6.0000000e+00   5.7918755e+00
   1.3040000e+00   6.0000000e+00   5.9159014e+00
   1.3050000e+00   6.0000000e+00   5.8849816e+00
   1.3060000e+00   6.0000000e+00   5.8766734e+00
   1.3070000e+00   6.0000000e+00   5.8416533e+00
   1.3080000e+00   6.0000000e+00   5.9808006e+00
   1.3090000e+00   6.0000000e+00   6.0031934e+00
   1.3100000e+00   6.0000000e+00   5.9347178e+00
   1.3110000e+00   6.0000000e+00   5.8794908e+00
   1.3120000e+00   6.0000000e+00   6.0800724e+00
   1.3130000e+00   6.0000000e+00   5.8471254e+00
   1.3140000e+00   6.0000000e+00   5.8436920e+00
   1.3150000e+00   6.0000000e+00   5.9539250e+00
   1.3160000e+00   6.0000000e+00   6.0555892e+00
   1.3170000e+00   6.0000000e+00   5.8206488e+00
   1.3180000e+00   6.0000000e+00   5.9682627e+00
   1.3190000e+00   6.0000000e+00   5.8913208e+00
   1.3200000e+00   6.0000000e+00   6.0599004e+00
   1.3210000e+00   6.0000000e+00   5.8981078e+00
   1.3220000e+00   6.0000000e+00   5.9515211e+00
   1.3230000e+00   6.0000000e+00   5.9274612e+00
   1.3240000e+00   6.0000000e+00   6.1063112e+00
   1.3250000e+00   6.0000000e+00   5.9610541e+00
   1.3260000e+00   6.0000000e+00   5.8953023e+00
   1.3270000e+00   6.0000000e+00   5.9314449e+00
   1.3280000e+00   6.0000000e+00   6.1196754e+00
   1.3290000e+00   6.0000000e+00   5.8941025e+00
   1.3300000e+00   6.0000000e+00   5.9611759e+00
   1.3310000e+00   6.0000000e+00   5.9089521e+00
   1.3320000e+00   6.0000000e+00   5.7977811e+00
   1.3330000e+00   6.0000000e+00   5.8388305e+00
   1.3340000e+00   6.0000000e+00   5.9475115e+00
   1.3350000e+00   6.0000000e+00   6.0005681e+00
   1.3360000e+00   6.0000000e+00   5.9329720e+00
   1.3370000e+00   6.0000000e+00   5.7117097e+00
   1.3380000e+00   6.0000000e+00   5.8433459e+00
   1.3390000e+00   6.0000000e+00   5.9638916e+00
   1.3400000e+00   6.0000000e+00   6.0113992e+00
   1.3410000e+00   6.0000000e+00   5.9947026e+00
   1.3420000e+00   6.0000000e+00   5.8858385e+00
   1.3430000e+00   6.0000000e+00   5.8830986e+00
   1.3440000e+00   6.0000000e+00   5.9900260e+00
   1.3450000e+00   6.0000000e+00   5.8815450e+00
   1.3460000e+00   6.0000000e+00   6.0033278e+00
   1.3470000e+00   6.0000000e+00   5.9439748e+00
   1.3480000e+00   6.0000000e+00   5.8899664e+00
   1.3490000e+00   6.0000000e+00   5.8913886e+00
   1.3500000e+00   6.0000000e+00   6.0508438e+00
   1.3510000e+00   6.0000000e+00   5.9451692e+00
   1.3520000e+00   6.0000000e+00   5.8708171e+00
   1.3530000e+00   6.0000000e+00   5.9926888e+00
   1.3540000e+00   6.0000000e+00   5.9848925e+00
   1.3550000e+00   6.0000000e+00   5.9889934e+00
   1.3560000e+00   6.0000000e+00   6.0793770e+00
   1.3570000e+00   6.0000000e+00   5.9936472e+00
   1.3580000e+00   6.0000000e+00   5.9819694e+00
   1.3590000e+00   6.0000000e+00   5.8218425e+00
   1.3600000e+00   6.0000000e+00   6.0921810e+00
   1.3610000e+00   6.0000000e+00   5.9713953e+00
   1.3620000e+00   6.0000000e+00   5.9032704e+00
   1.3630000e+00   6.0000000e+00   5.9202912e+00
   1.3640000e+00   6.0000000e+00   5.9075510e+00
   1.3650000e+00   6.0000000e+00   5.9679530e+00
   1.3660000e+00   6.0000000e+00   6.0638047e+00
   1.3670000e+00   6.0000000e+00   5.9542676e+00
   1.3680000e+00   6.0000000e+00   5.9628272e+00
   1.3690000e+00   6.0000000e+00   6.0022913e+00
   1.3700000e+00   6.0000000e+00   5.8879947e+00
   1.3710000e+00   6.0000000e+00   5.9616842e+00
   1.3720000e+00   6.0000000e+00   5.8805981e+00
   1.3730000e+00   6.0000000e+00   5.9015075e+00
   1.3740000e+00   6.0000000e+00   5.8702518e+00
   1.3750000e+00   6.0000000e+00   6.0166364e+00
   1.3760000e+00   6.0000000e+00   5.8820227e+00
   1.3770000e+00   6.0000000e+00   5.8947169e+00
   1.3780000e+00   6.0000000e+00   5.8626168e+00
   1.3790000e+00   6.0000000e+00   5.9452126e+00
   1.3800000e+00   6.0000000e+00   5.9175463e+00
   1.3810000e+00   6.0000000e+00   6.0209474e+00
   1.3820000e+00   6.0000000e+00   5.9472754e+00
   1.3830000e+00   6.0000000e+00   5.9101453e+00
   1.3840000e+00   6.0000000e+00   5.9684614e+00
   1.3850000e+00   6.0000000e+00   6.0682222e+00
   1.3860000e+00   6.0000000e+00   6.0128142e+00
   1.3870000e+00   6.0000000e+00   5.8715159e+00
   1.3880000e+00   6.0000000e+00   5.9610028e+00
   1.3890000e+00   6.0000000e+00   5.9104733e+00
   1.3900000e+00   6.0000000e+00   5.8957313e+00
   1.3910000e+00   6.0000000e+00   5.9788352e+00
   1.3920000e+00   6.0000000e+00   5.8829919e+00
   1.3930000e+00   6.0000000e+00   5.8566085e+00
   1.3940000e+00   6.0000000e+00   6.0507883e+00
   1.3950000e+00   6.0000000e+00   6.0723004e+00
   1.3960000e+00   6.0000000e+00   5.9246808e+00
   1.3970000e+00   6.0000000e+00   6.0309446e+00
   1.3980000e+00   6.0000000e+00   5.7834499e+00
   1.3990000e+00   6.0000000e+00   6.0381123e+00
   1.4000000e+00   6.0000000e+00   5.9909449e+00
   1.4010000e+00   6.0000000e+00   6.0635402e+00
   1.4020000e+00   6.0000000e+00   5.9437643e+00
   1.4030000e+00   6.0000000e+00   5.9215385e+00
   1.4040000e+00   6.0000000e+00   5.9082438e+00
   1.4050000e+00   6.0000000e+00   5.8599608e+00
   1.4060000e+00   6.0000000e+00   5.9006707e+00
   1.4070000e+00   6.0000000e+00   5.9517565e+00
   1.4080000e+00   6.0000000e+00   5.9724699e+00
   1.4090000e+00   6.0000000e+00   6.0365045e+00
   1.4100000e+00   6.0000000e+00   5.9334821e+00
   1.4110000e+00   6.0000000e+00   5.9830950e+00
   1.4120000e+00   6.0000000e+00   5.9667827e+00
   1.4130000e+00   6.0000000e+00   6.0305899e+00
   1.4140000e+00   6.0000000e+00   5.8798046e+00
   1.4150000e+00   6.0000000e+00   5.8347843e+00
   1.4160000e+00   6.0000000e+00   5.9402523e+00
   1.4170000e+00   6.0000000e+00   5.8994447e+00
   1.4180000e+00   6.0000000e+00   5.8876374e+00
   1.4190000e+00   6.0000000e+00   5.8766522e+00
   1.4200000e+00   6.0000000e+00   5.9129014e+00
   1.4210000e+00   6.0000000e+00   5.9889965e+00
   1.4220000e+00   6.0000000e+00   5.8557824e+00
   1.4230000e+00   6.0000000e+00   5.9557503e+00
   1.4240000e+00   6.0000000e+00   5.8976141e+00
   1.4250000e+00   6.0000000e+00   5.9257309e+00
   1.4260000e+00   6.0000000e+00   5.8866249e+00
   1.4270000e+00   6.0000000e+00   5.9522708e+00
   1.4280000e+00   6.0000000e+00   5.9253300e+00
   1.4290000e+00   6.0000000e+00   5.9284698e+00
   1.4300000e+00   6.0000000e+00   6.1472773e+00
   1.4310000e+00   6.0000000e+00   5.9399065e+00
   1.4320000e+00   6.0000000e+00   5.9722411e+00
   1.4330000e+00   6.0000000e+00   5.9139997e+00
   1.4340000e+00   6.0000000e+00   5.9814554e+00
   1.4350000e+00   6.0000000e+00   5.8969430e+00
   1.4360000e+00   6.0000000e+00   5.8442276e+00
   1.4370000e+00   6.0000000e+00   5.9339966e+00
   1.4380000e+00   6.0000000e+00   5.9505239e+00
   1.4390000e+00   6.0000000e+00   6.0535132e+00
   1.4400000e+00   6.0000000e+00   5.9591233e+00
   1.4410000e+00   6.0000000e+00   5.9836967e+00
   1.4420000e+00   6.0000000e+00   5.9136122e+00
   1.4430000e+00   6.0000000e+00   5.9407378e+00
   1.4440000e+00   6.0000000e+00   6.0032941e+00
   1.4450000e+00   6.0000000e+00   6.0315270e+00
   1.4460000e+00   6.0000000e+00   5.9846153e+00
   1.4470000e+00   6.0000000e+00   5.9496147e+00
   1.4480000e+00   6.0000000e+00   5.7819966e+00
   1.4490000e+00   6.0000000e+00   5.9914113e+00
   1.4500000e+00   6.0000000e+00   5.8851906e+00
   1.4510000e+00   6.0000000e+00   5.8440988e+00
   1.4520000e+00   6.0000000e+00   6.0606180e+00
   1.4530000e+00   6.0000000e+00   5.9839814e+00
   1.4540000e+00   6.0000000e+00   6.0225354e+00
   1.4550000e+00   6.0000000e+00   6.0030912e+00
   1.4560000e+00   6.0000000e+00   5.9904745e+00
   1.4570000e+00   6.0000000e+00   5.9038726e+00
   1.4580000e+00   6.0000000e+00   5.9643517e+00
   1.4590000e+00   6.0000000e+00   5.8912140e+00
   1.4600000e+00   6.0000000e+00   5.8237491e+00
   1.4610000e+00   6.0000000e+00   5.9764244e+00
   1.4620000e+00   6.0000000e+00   5.9670478e+00
   1.4630000e+00   6.0000000e+00   5.9154384e+00
   1.4640000e+00   6.0000000e+00   5.9443016e+00
   1.4650000e+00   6.0000000e+00   6.0059873e+00
   1.4660000e+00   6.0000000e+00   5.9992186e+00
   1.4670000e+00   6.0000000e+00   5.8695162e+00
   1.4680000e+00   6.0000000e+00   5.9781820e+00
   1.4690000e+00   6.0000000e+00   6.0046419e+00
   1.4700000e+00   6.0000000e+00   5.8736053e+00
   1.4710000e+00   6.0000000e+00   6.0760352e+00
   1.4720000e+00   6.0000000e+00   5.9685168e+00
   1.4730000e+00   6.0000000e+00   6.0061752e+00
   1.4740000e+00   6.0000000e+00   6.0486950e+00
   1.4750000e+00   6.0000000e+00   5.9125242e+00
   1.4760000e+00   6.0000000e+00   5.8664943e+00
   1.4770000e+00   6.0000000e+00   5.9427015e+00
   1.4780000e+00   6.0000000e+00   5.9014005e+00
   1.4790000e+00   6.0000000e+00   5.9660153e+00
   1.4800000e+00   6.0000000e+00   5.9824001e+00
   1.4810000e+00   6.0000000e+00   5.8517009e+00
   1.4820000e+00   6.0000000e+00   5.9252089e+00
   1.4830000e+00   6.0000000e+00   5.9942473e+00
   1.4840000e+00   6.0000000e+00   5.9678732e+00
   1.4850000e+00   6.0000000e+00   5.8935252e+00
   1.4860000e+00   6.0000000e+00   5.9402696e+00
   1.4870000e+00   6.0000000e+00   5.8309245e+00
   1.4880000e+00   6.0000000e+00   5.8745091e+00
   1.4890000e+00   6.0000000e+00   5.8498115e+00
   1.4900000e+00   6.0000000e+00   5.8991263e+00
   1.4910000e+00   6.0000000e+00   5.8799957e+00
   1.4920000e+00   6.0000000e+00   5.9939735e+00
   1.4930000e+00   6.0000000e+00   5.9100445e+00
   1.4940000e+00   6.0000000e+00   6.0521239e+00
   1.4950000e+00   6.0000000e+00   5.9654003e+00
   1.4960000e+00   6.0000000e+00   5.9257331e+00
   1.4970000e+00   6.0000000e+00   5.9522470e+00
   1.4980000e+00   6.0000000e+00   5.9066450e+00
   1.4990000e+00   6.0000000e+00   5.8440429e+00
   1.5000000e+00   6.0000000e+00   6.0419177e+00
   1.5010000e+00   6.0000000e+00   5.9207227e+00
   1.5020000e+00   6.0000000e+00   5.8818814e+00
   1.5030000e+00   6.0000000e+00   6.0002794e+00
   1.5040000e+00   6.0000000e+00   6.0058587e+00
   1.5050000e+00   6.0000000e+00   5.9529528e+00
   1.5060000e+00   6.0000000e+00   5.9537466e+00
   1.5070000e+00   6.0000000e+00   5.8482344e+00
   1.5080000e+00   6.0000000e+00   5.9158546e+00
   1.5090000e+00   6.0000000e+00   5.8704041e+00
   1.5100000e+00   6.0000000e+00   5.9664345e+00
   1.5110000e+00   6.0000000e+00   5.8378045e+00
   1.5120000e+00   6.0000000e+00   5.9084375e+00
   1.5130000e+00   6.0000000e+00   6.0606938e+00
   1.5140000e+00   6.0000000e+00   6.0331761e+00
   1.5150000e+00   6.0000000e+00   6.0276475e+00
   1.5160000e+00   6.0000000e+00   5.8344327e+00
   1.5170000e+00   6.0000000e+00   5.9799086e+00
   1.5180000e+00   6.0000000e+00   5.9800724e+00
   1.5190000e+00   6.0000000e+00   5.8582126e+00
   1.5200000e+00   6.0000000e+00   5.9604524e+00
   1.5210000e+00   6.0000000e+00   5.9256625e+00
   1.5220000e+00   6.0000000e+00   5.9184796e+00
   1.5230000e+00   6.0000000e+00   5.9379385e+00
   1.5240000e+00   6.0000000e+00   5.9068195e+00
   1.5250000e+00   6.0000000e+00   5.7828605e+00
   1.5260000e+00   6.0000000e+00   6.0012665e+00
   1.5270000e+00   6.0000000e+00   5.9644966e+00
   1.5280000e+00   6.0000000e+00   5.9308803e+00
   1.5290000e+00   6.0000000e+00   5.9566522e+00
   1.5300000e+00   6.0000000e+00   5.9261877e+00
   1.5310000e+00   6.0000000e+00   6.0009399e+00
   1.5320000e+00   6.0000000e+00   5.8949974e+00
   1.5330000e+00   6.0000000e+00   5.9150335e+00
   1.5340000e+00   6.0000000e+00   5.9602367e+00
   1.5350000e+00   6.0000000e+00   5.9927908e+00
   1.5360000e+00   6.0000000e+00   5.9587830e+00
   1.5370000e+00   6.0000000e+00   5.9950725e+00
   1.5380000e+00   6.0000000e+00   6.0140764e+00
   1.5390000e+00   6.0000000e+00   5.8664609e+00
   1.5400000e+00   6.0000000e+00   5.9422368e+00
   1.5410000e+00   6.0000000e+00   5.9976372e+00
   1.5420000e+00   6.0000000e+00   5.7879840e+00
   1.5430000e+00   6.0000000e+00   6.0064627e+00
   1.5440000e+00   6.0000000e+00   5.9523718e+00
   1.5450000e+00   6.0000000e+00   5.9552281e+00
   1.5460000e+00   6.0000000e+00   5.8533411e+00
   1.5470000e+00   6.0000000e+00   5.9311656e+00
   1.5480000e+00   6.0000000e+00   5.9563555e+00
   1.5490000e+00   6.0000000e+00   5.9823732e+00
   1.5500000e+00   6.0000000e+00   5.7864824e+00
   1.5510000e+00   6.0000000e+00   6.0532833e+00
   1.5520000e+00   6.0000000e+00   5.8374873e+00
   1.5530000e+00   6.0000000e+00   5.9087427e+00
   1.5540000e+00   6.0000000e+00   5.9429234e+00
   1.5550000e+00   6.0000000e+00   5.9714238e+00
   1.5560000e+00   6.0000000e+00   5.9065831e+00
   1.5570000e+00   6.0000000e+00   6.0078381e+00
   1.5580000e+00   6.0000000e+00   6.0479070e+00
   1.5590000e+00   6.0000000e+00   5.9121611e+00
   1.5600000e+00   6.0000000e+00   5.8524737e+00
   1.5610000e+00   6.0000000e+00   5.9542282e+00
   1.5620000e+00   6.0000000e+00   5.9356571e+00
   1.5630000e+00   6.0000000e+00   5.9391393e+00
   1.5640000e+00   6.0000000e+00   6.0039689e+00
   1.5650000e+00   6.0000000e+00   5.9566655e+00
   1.5660000e+00   6.0000000e+00   6.0311357e+00
   1.5670000e+00   6.0000000e+00   5.8792118e+00
   1.5680000e+00   6.0000000e+00   5.8481298e+00
   1.5690000e+00   6.0000000e+00   5.9591697e+00
   1.5700000e+00   6.0000000e+00   6.0243649e+00
   1.5710000e+00   6.0000000e+00   5.8869747e+00
   1.5720000e+00   6.0000000e+00   5.9180217e+00
   1.5730000e+00   6.0000000e+00   5.9168068e+00
   1.5740000e+00   6.0000000e+00   5.9574702e+00
   1.5750000e+00   6.0000000e+00   5.8976788e+00
   1.5760000e+00   6.0000000e+00   5.7724545e+00
   1.5770000e+00   6.0000000e+00   6.0032569e+00
   1.5780000e+00   6.0000000e+00   5.8745019e+00
   1.5790000e+00   6.0000000e+00   5.9309202e+00
   1.5800000e+00   6.0000000e+00   5.9478622e+00
   1.5810000e+00   6.0000000e+00   5.9875221e+00
   1.5820000e+00   6.0000000e+00   5.9200532e+00
   1.5830000e+00   6.0000000e+00   6.1065202e+00
   1.5840000e+00   6.0000000e+00   6.0606620e+00
   1.5850000e+00   6.0000000e+00   5.8218674e+00
   1.5860000e+00   6.0000000e+00   5.8965702e+00
   1.5870000e+00   6.0000000e+00   6.0356574e+00
   1.5880000e+00   6.0000000e+00   5.9748728e+00
   1.5890000e+00   6.0000000e+00   5.9839506e+00
   1.5900000e+00   6.0000000e+00   5.8912289e+00
   1.5910000e+00   6.0000000e+00   6.0144038e+00
   1.5920000e+00   6.0000000e+00   5.9952551e+00
   1.5930000e+00   6.0000000e+00   6.0024880e+00
   1.5940000e+00   6.0000000e+00   5.8774404e+00
   1.5950000e+00   6.0000000e+00   5.8665127e+00
   1.5960000e+00   6.0000000e+00   5.9998439e+00
   1.5970000e+00   6.0000000e+00   6.0053240e+00
   1.5980000e+00   6.0000000e+00   6.0045552e+00
   1.5990000e+00   6.0000000e+00   5.9870406e+00
   1.6000000e+00   6.0000000e+00   5.9340099e+00
   1.6010000e+00   6.0000000e+00   5.9333898e+00
   1.6020000e+00   6.0000000e+00   5.9473111e+00
   1.6030000e+00   6.0000000e+00   5.9376362e+00
   1.6040000e+00   6.0000000e+00   6.0562446e+00
   1.6050000e+00   6.0000000e+00   5.9888687e+00
   1.6060000e+00   6.0000000e+00   5.9855572e+00
   1.6070000e+00   6.0000000e+00   6.0355543e+00
   1.6080000e+00   6.0000000e+00   5.8318363e+00
   1.6090000e+00   6.0000000e+00   6.0142093e+00
   1.6100000e+00   6.0000000e+00   6.0013646e+00
   1.6110000e+00   6.0000000e+00   5.9650647e+00
   1.6120000e+00   6.0000000e+00   5.9943569e+00
   1.6130000e+00   6.0000000e+00   5.8842387e+00
   1.6140000e+00   6.0000000e+00   6.0954129e+00
   1.6150000e+00   6.0000000e+00   5.9170385e+00
   1.6160000e+00   6.0000000e+00   5.8795894e+00
   1.6170000e+00   6.0000000e+00   5.9768505e+00
   1.6180000e+00   6.0000000e+00   5.9005508e+00
   1.6190000e+00   6.0000000e+00   5.8998001e+00
   1.6200000e+00   6.0000000e+00   6.0062599e+00
   1.6210000e+00   6.0000000e+00   5.8380130e+00
   1.6220000e+00   6.0000000e+00   5.9574697e+00
   1.6230000e+00   6.0000000e+00   5.9630361e+00
   1.6240000e+00   6.0000000e+00   5.9277633e+00
   1.6250000e+00   6.0000000e+00   5.8637634e+00
   1.6260000e+00   6.0000000e+00   6.1962864e+00
   1.6270000e+00   6.0000000e+00   6.0025541e+00
   1.6280000e+00   6.0000000e+00   6.1398000e+00
   1.6290000e+00   6.0000000e+00   5.9906556e+00
   1.6300000e+00   6.0000000e+00   5.9216444e+00
   1.6310000e+00   6.0000000e+00   5.9788807e+00
   1.6320000e+00   6.0000000e+00   5.9843423e+00
   1.6330000e+00   6.0000000e+00   5.8046328e+00
   1.6340000e+00   6.0000000e+00   5.9209231e+00
   1.6350000e+00   6.0000000e+00   5.9860417e+00
   1.6360000e+00   6.0000000e+00   5.9064641e+00
   1.6370000e+00   6.0000000e+00   5.9690060e+00
   1.6380000e+00   6.0000000e+00   5.9154420e+00
   1.6390000e+00   6.0000000e+00   5.9981551e+00
   1.6400000e+00   6.0000000e+00   5.8984680e+00
   1.6410000e+00   6.0000000e+00   5.8565255e+00
   1.6420000e+00   6.0000000e+00   5.9455294e+00
   1.6430000e+00   6.0000000e+00   5.9131167e+00
   1.6440000e+00   6.0000000e+00   6.0359183e+00
   1.6450000e+00   6.0000000e+00   5.9716898e+00
   1.6460000e+00   6.0000000e+00   5.8763253e+00
   1.6470000e+00   6.0000000e+00   5.9903726e+00
   1.6480000e+00   6.0000000e+00   5.9921860e+00
   1.6490000e+00   6.0000000e+00   5.8402317e+00
   1.6500000e+00   6.0000000e+00   5.8510384e+00
   1.6510000e+00   6.0000000e+00   5.9080313e+00
   1.6520000e+00   6.0000000e+00   6.0196181e+00
   1.6530000e+00   6.0000000e+00   5.8705845e+00
   1.6540000e+00   6.0000000e+00   5.9198510e+00
   1.6550000e+00   6.0000000e+00   5.9972186e+00
   1.6560000e+00   6.0000000e+00   5.9003271e+00
   1.6570000e+00   6.0000000e+00   5.9290880e+00
   1.6580000e+00   6.0000000e+00   6.0278853e+00
   1.6590000e+00   6.0000000e+00   5.9996347e+00
   1.6600000e+00   6.0000000e+00   6.0048952e+00
   1.6610000e+00   6.0000000e+00   5.9814360e+00
   1.6620000e+00   6.0000000e+00   5.7845181e+00
   1.6630000e+00   6.0000000e+00   5.9659188e+00
   1.6640000e+00   6.0000000e+00   6.0810632e+00
   1.6650000e+00   6.0000000e+00   6.0140641e+00
   1.6660000e+00   6.0000000e+00   5.9635299e+00
   1.6670000e+00   6.0000000e+00   5.9706884e+00
   1.6680000e+00   6.0000000e+00   5.9300613e+00
   1.6690000e+00   6.0000000e+00   5.9067520e+00
   1.6700000e+00   6.0000000e+00   5.8927163e+00
   1.6710000e+00   6.0000000e+00   5.8682485e+00
   1.6720000e+00   6.0000000e+00   5.9888079e+00
   1.6730000e+00   6.0000000e+00   6.1188758e+00
   1.6740000e+00   6.0000000e+00   5.7232485e+00
   1.6750000e+00   6.0000000e+00   6.0173656e+00
   1.6760000e+00   6.0000000e+00   5.9561915e+00
   1.6770000e+00   6.0000000e+00   5.9066652e+00
   1.6780000e+00   6.0000000e+00   6.0235711e+00
   1.6790000e+00   6.0000000e+00   6.0419596e+00
   1.6800000e+00   6.0000000e+00   5.9147991e+00
   1.6810000e+00   6.0000000e+00   6.0982930e+00
   1.6820000e+00   6.0000000e+00   6.0858974e+00
   1.6830000e+00   6.0000000e+00   6.0801308e+00
   1.6840000e+00   6.0000000e+00   6.0385426e+00
   1.6850000e+00   6.0000000e+00   6.0094257e+00
   1.6860000e+00   6.0000000e+00   6.0813054e+00
   1.6870000e+00   6.0000000e+00   5.9365531e+00
   1.6880000e+00   6.0000000e+00   5.9853904e+00
   1.6890000e+00   6.0000000e+00   6.0394989e+00
   1.6900000e+00   6.0000000e+00   5.7936880e+00
   1.6910000e+00   6.0000000e+00   6.0676492e+00
   1.6920000e+00   6.0000000e+00   5.9016704e+00
   1.6930000e+00   6.0000000e+00   6.0224927e+00
   1.6940000e+00   6.0000000e+00   5.7495409e+00
   1.6950000e+00   6.0000000e+00   5.8498762e+00
   1.6960000e+00   6.0000000e+00   6.0518866e+00
   1.6970000e+00   6.0000000e+00   5.8883136e+00
   1.6980000e+00   6.0000000e+00   5.8996505e+00
   1.6990000e+00   6.0000000e+00   5.9393002e+00
   1.7000000e+00   6.0000000e+00   5.9547800e+00
   1.7010000e+00   6.0000000e+00   5.9976895e+00
   1.7020000e+00   6.0000000e+00   5.8166600e+00
   1.7030000e+00   6.0000000e+00   5.9784700e+00
   1.7040000e+00   6.0000000e+00   5.9095313e+00
   1.7050000e+00   6.0000000e+00   5.9612347e+00
   1.7060000e+00   6.0000000e+00   5.9157483e+00
   1.7070000e+00   6.0000000e+00   5.8924885e+00
   1.7080000e+00   6.0000000e+00   5.9005861e+00
   1.7090000e+00   6.0000000e+00   5.9011479e+00
   1.7100000e+00   6.0000000e+00   5.8357044e+00
   1.7110000e+00   6.0000000e+00   5.9364835e+00
   1.7120000e+00   6.0000000e+00   5.8643712e+00
   1.7130000e+00   6.0000000e+00   6.0040255e+00
   1.7140000e+00   6.0000000e+00   5.9858898e+00
   1.7150000e+00   6.0000000e+00   5.9804697e+00
   1.7160000e+00   6.0000000e+00   5.8480213e+00
   1.7170000e+00   6.0000000e+00   5.9388188e+00
   1.7180000e+00   6.0000000e+00   5.8557277e+00
   1.7190000e+00   6.0000000e+00   6.0418332e+00
   1.7200000e+00   6.0000000e+00   5.9367014e+00
   1.7210000e+00   6.0000000e+00   6.0111501e+00
   1.7220000e+00   6.0000000e+00   5.9520061e+00
   1.7230000e+00   6.0000000e+00   6.1428138e+00
   1.7240000e+00   6.0000000e+00   5.9120042e+00
   1.7250000e+00   6.0000000e+00   5.9384991e+00
   1.7260000e+00   6.0000000e+00   5.9601064e+00
   1.7270000e+00   6.0000000e+00   5.9221825e+00
   1.7280000e+00   6.0000000e+00   6.0002636e+00
   1.7290000e+00   6.0000000e+00   5.9046481e+00
   1.7300000e+00   6.0000000e+00   5.9739977e+00
   1.7310000e+00   6.0000000e+00   5.9581716e+00
   1.7320000e+00   6.0000000e+00   5.9628462e+00
   1.7330000e+00   6.0000000e+00   6.0269821e+00
   1.7340000e+00   6.0000000e+00   5.9641096e+00
   1.7350000e+00   6.0000000e+00   5.8470197e+00
   1.7360000e+00   6.0000000e+00   5.9389296e+00
   1.7370000e+00   6.0000000e+00   6.0078439e+00
   1.7380000e+00   6.0000000e+00   6.0034482e+00
   1.7390000e+00   6.0000000e+00   5.9621181e+00
   1.7400000e+00   6.0000000e+00   5.9354482e+00
   1.7410000e+00   6.0000000e+00   5.9266252e+00
   1.7420000e+00   6.0000000e+00   6.0965093e+00
   1.7430000e+00   6.0000000e+00   5.9872607e+00
   1.7440000e+00   6.0000000e+00   5.9873652e+00
   1.7450000e+00   6.0000000e+00   5.9595486e+00
   1.7460000e+00   6.0000000e+00   5.9842769e+00
   1.7470000e+00   6.0000000e+00   6.0512648e+00
   1.7480000e+00   6.0000000e+00   5.9648373e+00
   1.7490000e+00   6.0000000e+00   5.8146228e+00
   1.7500000e+00   6.0000000e+00   5.9312522e+00
   1.7510000e+00   6.0000000e+00   5.9020930e+00
   1.7520000e+00   6.0000000e+00   5.9397869e+00
   1.7530000e+00   6.0000000e+00   6.0575072e+00
   1.7540000e+00   6.0000000e+00   6.0298881e+00
   1.7550000e+00   6.0000000e+00   5.9226527e+00
   1.7560000e+00   6.0000000e+00   5.8919545e+00
   1.7570000e+00   6.0000000e+00   6.0640846e+00
   1.7580000e+00   6.0000000e+00   5.9049258e+00
   1.7590000e+00   6.0000000e+00   5.9699873e+00
   1.7600000e+00   6.0000000e+00   5.9744504e+00
   1.7610000e+00   6.0000000e+00   6.0475016e+00
   1.7620000e+00   6.0000000e+00   6.0453475e+00
   1.7630000e+00   6.0000000e+00   6.0183542e+00
   1.7640000e+00   6.0000000e+00   5.8484709e+00
   1.7650000e+00   6.0000000e+00   6.0679812e+00
   1.7660000e+00   6.0000000e+00   5.9174626e+00
   1.7670000e+00   6.0000000e+00   6.0195436e+00
   1.7680000e+00   6.0000000e+00   5.8964577e+00
   1.7690000e+00   6.0000000e+00   5.9659311e+00
   1.7700000e+00   6.0000000e+00   5.8322967e+00
   1.7710000e+00   6.0000000e+00   5.9955100e+00
   1.7720000e+00   6.0000000e+00   5.9606502e+00
   1.7730000e+00   6.0000000e+00   5.9373034e+00
   1.7740000e+00   6.0000000e+00   5.9950171e+00
   1.7750000e+00   6.0000000e+00   5.9830631e+00
   1.7760000e+00   6.0000000e+00   5.9097541e+00
   1.7770000e+00   6.0000000e+00   5.8265549e+00
   1.7780000e+00   6.0000000e+00   5.8341992e+00
   1.7790000e+00   6.0000000e+00   5.9284972e+00
   1.7800000e+00   6.0000000e+00   5.9408549e+00
   1.7810000e+00   6.0000000e+00   6.0927085e+00
   1.7820000e+00   6.0000000e+00   5.9881933e+00
   1.7830000e+00   6.0000000e+00   5.9397070e+00
   1.7840000e+00   6.0000000e+00   5.9594993e+00
   1.7850000e+00   6.0000000e+00   5.9942025e+00
   1.7860000e+00   6.0000000e+00   6.0128330e+00
   1.7870000e+00   6.0000000e+00   5.9586774e+00
   1.7880000e+00   6.0000000e+00   5.9027092e+00
   1.7890000e+00   6.0000000e+00   5.8413088e+00
   1.7900000e+00   6.0000000e+00   5.7959966e+00
   1.7910000e+00   6.0000000e+00   5.9470087e+00
   1.7920000e+00   6.0000000e+00   6.0153250e+00
   1.7930000e+00   6.0000000e+00   6.0455945e+00
   1.7940000e+00   6.0000000e+00   5.9343337e+00
   1.7950000e+00   6.0000000e+00   5.9992953e+00
   1.7960000e+00   6.0000000e+00   5.9664396e+00
   1.7970000e+00   6.0000000e+00   5.9620079e+00
   1.7980000e+00   6.0000000e+00   6.0393434e+00
   1.7990000e+00   6.0000000e+00   6.1328583e+00
   1.8000000e+00   6.0000000e+00   5.8937943e+00
   1.8010000e+00   6.0000000e+00   5.9183770e+00
   1.8020000e+00   6.0000000e+00   5.9324753e+00
   1.8030000e+00   6.0000000e+00   6.0276438e+00
   1.8040000e+00   6.0000000e+00   5.9545951e+00
   1.8050000e+00   6.0000000e+00   5.8516462e+00
   1.8060000e+00   6.0000000e+00   5.8973763e+00
   1.8070000e+00   6.0000000e+00   5.9618578e+00
   1.8080000e+00   6.0000000e+00   5.9312505e+00
   1.8090000e+00   6.0000000e+00   5.9030324e+00
   1.8100000e+00   6.0000000e+00   5.9694527e+00
   1.8110000e+00   6.0000000e+00   6.0159888e+00
   1.8120000e+00   6.0000000e+00   5.9651073e+00
   1.8130000e+00   6.0000000e+00   5.8071009e+00
   1.8140000e+00   6.0000000e+00   5.9163117e+00
   1.8150000e+00   6.0000000e+00   5.8835185e+00
   1.8160000e+00   6.0000000e+00   6.0195355e+00
   1.8170000e+00   6.0000000e+00   5.9079719e+00
   1.8180000e+00   6.0000000e+00   5.9987243e+00
   1.8190000e+00   6.0000000e+00   6.0827836e+00
   1.8200000e+00   6.0000000e+00   5.8661512e+00
   1.8210000e+00   6.0000000e+00   5.9383275e+00
   1.8220000e+00   6.0000000e+00   5.8683278e+00
   1.8230000e+00   6.0000000e+00   5.9028093e+00
   1.8240000e+00   6.0000000e+00   5.9741468e+00
   1.8250000e+00   6.0000000e+00   5.9208145e+00
   1.8260000e+00   6.0000000e+00   6.0633750e+00
   1.8270000e+00   6.0000000e+00   5.9668558e+00
   1.8280000e+00   6.0000000e+00   5.8797292e+00
   1.8290000e+00   6.0000000e+00   5.9846847e+00
   1.8300000e+00   6.0000000e+00   5.8889170e+00
   1.8310000e+00   6.0000000e+00   6.0630308e+00
   1.8320000e+00   6.0000000e+00   6.0092375e+00
   1.8330000e+00   6.0000000e+00   6.0379870e+00
   1.8340000e+00   6.0000000e+00   5.9224144e+00
   1.8350000e+00   6.0000000e+00   6.0606198e+00
   1.8360000e+00   6.0000000e+00   5.9687726e+00
   1.8370000e+00   6.0000000e+00   5.9530461e+00
   1.8380000e+00   6.0000000e+00   5.7962361e+00
   1.8390000e+00   6.0000000e+00   5.9371251e+00
   1.8400000e+00   6.0000000e+00   5.9108849e+00
   1.8410000e+00   6.0000000e+00   6.0452413e+00
   1.8420000e+00   6.0000000e+00   6.0378356e+00
   1.8430000e+00   6.0000000e+00   5.9626597e+00
   1.8440000e+00   6.0000000e+00   5.9184812e+00
   1.8450000e+00   6.0000000e+00   5.9845324e+00
   1.8460000e+00   6.0000000e+00   5.9668936e+00
   1.8470000e+00   6.0000000e+00   5.9678239e+00
   1.8480000e+00   6.0000000e+00   6.0317306e+00
   1.8490000e+00   6.0000000e+00   6.0552635e+00
   1.8500000e+00   6.0000000e+00   6.0757853e+00
   1.8510000e+00   6.0000000e+00   5.9979752e+00
   1.8520000e+00   6.0000000e+00   5.9455346e+00
   1.8530000e+00   6.0000000e+00   5.8915395e+00
   1.8540000e+00   6.0000000e+00   5.9450823e+00
   1.8550000e+00   6.0000000e+00   5.8879890e+00
   1.8560000e+00   6.0000000e+00   6.0575629e+00
   1.8570000e+00   6.0000000e+00   5.9921814e+00
   1.8580000e+00   6.0000000e+00   5.9246230e+00
   1.8590000e+00   6.0000000e+00   5.9125219e+00
   1.8600000e+00   6.0000000e+00   5.9105620e+00
   1.8610000e+00   6.0000000e+00   6.0458754e+00
   1.8620000e+00   6.0000000e+00   6.0432492e+00
   1.8630000e+00   6.0000000e+00   5.9732102e+00
   1.8640000e+00   6.0000000e+00   5.9527365e+00
   1.8650000e+00   6.0000000e+00   5.9845692e+00
   1.8660000e+00   6.0000000e+00   6.0431536e+00
   1.8670000e+00   6.0000000e+00   5.8813807e+00
   1.8680000e+00   6.0000000e+00   6.0089725e+00
   1.8690000e+00   6.0000000e+00   5.9390214e+00
   1.8700000e+00   6.0000000e+00   5.9229792e+00
   1.8710000e+00   6.0000000e+00   5.9050134e+00
   1.8720000e+00   6.0000000e+00   5.9876001e+00
   1.8730000e+00   6.0000000e+00   5.9651064e+00
   1.8740000e+00   6.0000000e+00   5.8496328e+00
   1.8750000e+00   6.0000000e+00   6.0328211e+00
   1.8760000e+00   6.0000000e+00   6.0585818e+00
   1.8770000e+00   6.0000000e+00   5.8766353e+00
   1.8780000e+00   6.0000000e+00   5.8812385e+00
   1.8790000e+00   6.0000000e+00   5.9473629e+00
   1.8800000e+00   6.0000000e+00   5.8753363e+00
   1.8810000e+00   6.0000000e+00   5.9186614e+00
   1.8820000e+00   6.0000000e+00   5.9182364e+00
   1.8830000e+00   6.0000000e+00   5.9393600e+00
   1.8840000e+00   6.0000000e+00   5.9649977e+00
   1.8850000e+00   6.0000000e+00   6.0345960e+00
   1.8860000e+00   6.0000000e+00   5.8847146e+00
   1.8870000e+00   6.0000000e+00   5.9725538e+00
   1.8880000e+00   6.0000000e+00   5.9533021e+00
   1.8890000e+00   6.0000000e+00   5.8304915e+00
   1.8900000e+00   6.0000000e+00   5.9080085e+00
   1.8910000e+00   6.0000000e+00   5.8185785e+00
   1.8920000e+00   6.0000000e+00   5.9986316e+00
   1.8930000e+00   6.0000000e+00   5.9938481e+00
   1.8940000e+00   6.0000000e+00   5.9894717e+00
   1.8950000e+00   6.0000000e+00   5.8325361e+00
   1.8960000e+00   6.0000000e+00   6.0190894e+00
   1.8970000e+00   6.0000000e+00   5.9336058e+00
   1.8980000e+00   6.0000000e+00   5.9814510e+00
   1.8990000e+00   6.0000000e+00   5.8777003e+00
   1.9000000e+00   6.0000000e+00   5.8905138e+00
   1.9010000e+00   6.0000000e+00   5.9049669e+00
   1.9020000e+00   6.0000000e+00   5.9789599e+00
   1.9030000e+00   6.0000000e+00   6.0060154e+00
   1.9040000e+00   6.0000000e+00   5.9321031e+00
   1.9050000e+00   6.0000000e+00   6.0426341e+00
   1.9060000e+00   6.0000000e+00   6.0792785e+00
   1.9070000e+00   6.0000000e+00   5.9543879e+00
   1.9080000e+00   6.0000000e+00   5.8863852e+00
   1.9090000e+00   6.0000000e+00   5.9570369e+00
   1.9100000e+00   6.0000000e+00   5.9658178e+00
   1.9110000e+00   6.0000000e+00   6.0227973e+00
   1.9120000e+00   6.0000000e+00   6.0045992e+00
   1.9130000e+00   6.0000000e+00   5.9747818e+00
   1.9140000e+00   6.0000000e+00   5.8702994e+00
   1.9150000e+00   6.0000000e+00   5.9928553e+00
   1.9160000e+00   6.0000000e+00   5.9305712e+00
   1.9170000e+00   6.0000000e+00   6.0929139e+00
   1.9180000e+00   6.0000000e+00   6.0277143e+00
   1.9190000e+00   6.0000000e+00   5.8327018e+00
   1.9200000e+00   6.0000000e+00   6.0327788e+00
   1.9210000e+00   6.0000000e+00   6.0025928e+00
   1.9220000e+00   6.0000000e+00   5.8437705e+00
   1.9230000e+00   6.0000000e+00   5.8808027e+00
   1.9240000e+00   6.0000000e+00   6.0000156e+00
   1.9250000e+00   6.0000000e+00   6.0324653e+00
   1.9260000e+00   6.0000000e+00   5.9457866e+00
   1.9270000e+00   6.0000000e+00   5.9066618e+00
   1.9280000e+00   6.0000000e+00   6.0301822e+00
   1.9290000e+00   6.0000000e+00   6.0618087e+00
   1.9300000e+00   6.0000000e+00   6.0308058e+00
   1.9310000e+00   6.0000000e+00   5.9933325e+00
   1.9320000e+00   6.0000000e+00   5.9809956e+00
   1.9330000e+00   6.0000000e+00   5.9716905e+00
   1.9340000e+00   6.0000000e+00   5.9623617e+00
   1.9350000e+00   6.0000000e+00   6.0109506e+00
   1.9360000e+00   6.0000000e+00   6.1312092e+00
   1.9370000e+00   6.0000000e+00   6.0297350e+00
   1.9380000e+00   6.0000000e+00   6.0231855e+00
   1.9390000e+00   6.0000000e+00   5.8231722e+00
   1.9400000e+00   6.0000000e+00   5.9706645e+00
   1.9410000e+00   6.0000000e+00   6.0460104e+00
   1.9420000e+00   6.0000000e+00   5.9292818e+00
   1.9430000e+00   6.0000000e+00   5.9891452e+00
   1.9440000e+00   6.0000000e+00   5.8986413e+00
   1.9450000e+00   6.0000000e+00   6.0216620e+00
   1.9460000e+00   6.0000000e+00   6.0300143e+00
   1.9470000e+00   6.0000000e+00   5.9156558e+00
   1.9480000e+00   6.0000000e+00   6.0206038e+00
   1.9490000e+00   6.0000000e+00   5.8434907e+00
   1.9500000e+00   6.0000000e+00   6.0137007e+00
   1.9510000e+00   6.0000000e+00   5.8904138e+00
   1.9520000e+00   6.0000000e+00   6.0289469e+00
   1.9530000e+00   6.0000000e+00   5.9661249e+00
   1.9540000e+00   6.0000000e+00   6.0025875e+00
   1.9550000e+00   6.0000000e+00   5.9548054e+00
   1.9560000e+00   6.0000000e+00   5.7945598e+00
   1.9570000e+00   6.0000000e+00   5.9488324e+00
   1.9580000e+00   6.0000000e+00   6.0806378e+00
   1.9590000e+00   6.0000000e+00   5.9676774e+00
   1.9600000e+00   6.0000000e+00   5.9210815e+00
   1.9610000e+00   6.0000000e+00   6.1028694e+00
   1.9620000e+00   6.0000000e+00   5.8110018e+00
   1.9630000e+00   6.0000000e+00   6.0415843e+00
   1.9640000e+00   6.0000000e+00   5.9223330e+00
   1.9650000e+00   6.0000000e+00   5.9937631e+00
   1.9660000e+00   6.0000000e+00   6.0638963e+00
   1.9670000e+00   6.0000000e+00   5.8500909e+00
   1.9680000e+00   6.0000000e+00   5.9126959e+00
   1.9690000e+00   6.0000000e+00   5.8456730e+00
   1.9700000e+00   6.0000000e+00   5.9873891e+00
   1.9710000e+00   6.0000000e+00   5.9288250e+00
   1.9720000e+00   6.0000000e+00   5.8224509e+00
   1.9730000e+00   6.0000000e+00   5.9640002e+00
   1.9740000e+00   6.0000000e+00   5.9755699e+00
   1.9750000e+00   6.0000000e+00   5.9648726e+00
   1.9760000e+00   6.0000000e+00   6.0806946e+00
   1.9770000e+00   6.0000000e+00   5.9066934e+00
   1.9780000e+00   6.0000000e+00   5.9466979e+00
   1.9790000e+00   6.0000000e+00   5.9600361e+00
   1.9800000e+00   6.0000000e+00   5.9983443e+00
   1.9810000e+00   6.0000000e+00   6.0066411e+00
   1.9820000e+00   6.0000000e+00   6.0208270e+00
   1.9830000e+00   6.0000000e+00   6.0979444e+00
   1.9840000e+00   6.0000000e+00   5.9398792e+00
   1.9850000e+00   6.0000000e+00   5.9607056e+00
   1.9860000e+00   6.0000000e+00   6.0227476e+00
   1.9870000e+00   6.0000000e+00   6.0274778e+00
   1.9880000e+00   6.0000000e+00   5.9065591e+00
   1.9890000e+00   6.0000000e+00   5.8501042e+00
   1.9900000e+00   6.0000000e+00   5.8933833e+00
   1.9910000e+00   6.0000000e+00   6.0616740e+00
   1.9920000e+00   6.0000000e+00   6.0160968e+00
   1.9930000e+00   6.0000000e+00   5.8974830e+00
   1.9940000e+00   6.0000000e+00   5.8739647e+00
   1.9950000e+00   6.0000000e+00   5.8537886e+00
   1.9960000e+00   6.0000000e+00   5.9022887e+00
   1.9970000e+00   6.0000000e+00   5.9088310e+00
   1.9980000e+00   6.0000000e+00   6.0316129e+00
   1.9990000e+00   6.0000000e+00   6.0515055e+00
   2.0000000e+00   6.0000000e+00   5.9278803e+00
