16146308	25.48	24.89	121.86	2.52	
16188812	25.48	24.64	128.47	2.60	
16231252	25.48	23.67	132.53	2.80	
16273720	25.48	23.43	142.72	2.97	
16316212	25.48	23.44	151.25	3.11	
16358700	25.48	24.88	158.83	3.06	
16401164	25.48	25.89	155.85	2.95	
16443632	25.48	26.87	150.63	2.78	
16486116	25.48	27.37	141.90	2.61	
16528608	25.48	27.11	133.01	2.51	
16571088	25.48	26.36	127.83	2.49	
16613556	25.48	25.64	127.20	2.53	
16656020	25.48	25.64	129.17	2.52	
16698512	25.48	25.40	128.55	2.54	
16741000	25.48	24.64	129.70	2.66	
16783448	25.48	23.67	135.55	2.86	
16825912	25.48	23.92	145.76	2.95	
16868400	25.48	24.66	150.67	2.96	
16910872	25.48	25.14	151.06	2.95	
16953364	25.48	26.14	150.59	2.83	
16995852	25.48	26.87	144.51	2.68	
17038328	25.48	26.61	136.69	2.61	
17080820	25.48	26.63	133.34	2.53	
17123304	25.48	26.12	129.00	2.52	
17165784	25.48	25.64	128.39	2.54	
17208260	25.48	25.15	129.54	2.60	
17250728	25.48	25.15	132.48	2.62	
17293192	25.48	24.40	133.71	2.75	
17335684	25.48	24.41	140.43	2.83	
17378180	25.48	24.64	144.35	2.88	
17420672	25.48	25.14	146.63	2.86	
17463140	25.48	25.64	146.09	2.82	
17505604	25.48	26.14	143.65	2.73	
17548080	25.48	26.12	139.37	2.69	
17590552	25.48	26.14	137.03	2.64	
17633016	25.48	25.89	134.51	2.62	
17675532	25.48	26.37	133.84	2.52	
17717996	25.48	25.63	128.75	2.57	
17760492	25.48	25.15	130.86	2.62	
17802956	25.48	24.90	133.77	2.68	
17845432	25.48	24.41	136.81	2.80	
17887924	25.48	24.64	142.56	2.84	
17930396	25.48	24.91	144.85	2.86	
17972860	25.48	25.64	146.01	2.80	
18015332	25.48	25.88	142.73	2.75	
18057812	25.48	26.14	140.33	2.69	
18100316	25.48	25.87	136.95	2.67	
18142820	25.48	26.11	136.41	2.61	
18185332	25.48	25.87	133.16	2.60	
18227808	25.48	25.87	132.58	2.57	
18270276	25.48	25.40	131.06	2.61	
18312756	25.48	24.66	133.08	2.72	
18355248	25.48	24.90	138.77	2.75	
18397732	25.48	24.89	140.09	2.79	
18440188	25.48	25.16	142.29	2.79	
18482660	25.48	25.63	142.50	2.75	
18525144	25.48	25.64	140.21	2.74	
18567588	25.48	25.65	139.54	2.72	
18610072	25.48	25.65	138.89	2.71	
18652544	25.48	25.90	138.24	2.66	
18695016	25.48	25.89	135.77	2.63	
18737464	25.48	26.14	134.25	2.57	
18779932	25.48	25.39	130.88	2.62	
18822404	25.48	25.15	133.87	2.67	
18864896	25.48	24.90	135.95	2.73	
18907364	25.48	24.65	138.98	2.80	
18949828	25.48	25.15	143.00	2.79	
18992316	38.92	25.40	142.37	4.71	
19034788	38.92	25.64	240.45	5.00	
19077288	38.92	28.60	255.00	5.00	
19119800	38.92	33.48	255.00	5.00	
19162340	38.92	37.69	255.00	5.00	
19204904	38.92	41.57	255.00	5.00	
19247484	38.92	44.26	255.00	5.00	
19290060	38.92	45.99	255.00	4.37	
19332640	38.92	47.95	222.80	3.57	
19375264	38.92	48.67	181.88	2.80	
19417856	38.92	45.72	142.73	2.51	
19460452	38.92	41.79	127.90	2.57	
19503020	38.92	37.64	131.32	2.96	
19545544	38.92	32.75	151.09	3.76	
19588056	38.92	31.03	191.79	4.46	
19630548	38.92	33.01	227.46	4.75	
19673096	38.92	33.74	242.39	5.00	
19715640	38.92	37.17	255.00	4.97	
19758248	38.92	40.35	253.29	4.64	
19800864	38.92	43.24	236.49	4.11	
19843432	38.92	45.46	209.80	3.48	
19886020	38.92	44.76	177.29	3.10	
19928612	38.92	43.76	157.93	2.81	
19971208	38.92	41.31	143.40	2.81	
20013776	38.92	37.38	143.28	3.20	
20056276	38.92	33.99	163.20	3.80	
20098820	38.92	33.49	193.83	4.23	
20141340	38.92	33.72	215.96	4.60	
20183912	38.92	35.21	234.55	4.77	
20226468	38.92	37.88	243.04	4.65	
20269036	38.92	40.34	237.29	4.37	
20311604	38.92	42.80	223.06	3.91	
20354192	38.92	44.51	199.66	3.38	
20396788	38.92	43.76	172.54	3.08	
20439356	38.92	41.82	157.12	3.00	
20481968	38.92	40.08	153.25	3.04	
20524512	38.92	36.67	155.20	3.45	
20567036	38.92	34.47	175.94	3.93	
20609592	38.92	34.72	200.52	4.22	
20652128	38.92	35.19	215.33	4.46	
20694676	38.92	36.67	227.58	4.52	
20737228	38.92	38.40	230.62	4.44	
20779804	38.92	40.58	226.36	4.16	
20822368	38.92	42.55	212.26	3.76	
20864976	38.92	43.50	191.51	3.35	
20907552	38.92	42.55	170.92	3.15	
20950128	38.92	40.59	160.72	3.17	
20992704	38.92	39.35	161.55	3.22	
21035280	38.92	36.67	164.38	3.58	
21077828	38.92	35.42	182.52	3.92	
21120356	38.92	35.95	200.09	4.10	
21162872	38.92	35.95	209.27	4.32	
21205428	38.92	37.41	220.35	4.33	
21247984	38.92	38.88	220.70	4.23	
21290556	38.92	40.58	215.56	3.98	
21333132	38.92	41.82	203.20	3.68	
21375736	38.92	42.31	187.85	3.40	
21418308	38.92	40.80	173.39	3.37	
21460892	38.92	40.58	171.82	3.26	
21503444	38.92	38.88	166.35	3.38	
21546000	38.92	37.16	172.61	3.64	
21588536	38.92	36.41	185.40	3.87	
21631112	38.92	37.18	197.48	3.95	
21673660	38.92	36.89	201.22	4.11	
21716216	38.92	37.66	209.82	4.15	
21758760	38.92	38.63	211.79	4.10	
21801316	38.92	39.87	209.32	3.95	
21843888	38.92	41.32	201.28	3.67	
21886460	38.92	41.33	187.03	3.49	
21929036	38.92	40.34	177.99	3.46	
21971580	38.92	40.11	176.23	3.38	
22014160	38.92	39.11	172.60	3.44	
22056716	38.92	37.65	175.48	3.64	
22099268	38.92	37.16	185.53	3.80	
22141812	38.92	37.90	193.85	3.82	
22184356	38.92	37.17	194.97	4.00	
22226900	38.92	37.66	204.17	4.06	
22269468	38.92	38.38	207.10	4.05	
22312044	38.92	39.61	206.54	3.91	
22354612	38.92	40.58	199.52	3.72	
22397232	38.92	40.59	189.76	3.60	
22439796	38.92	40.81	183.46	3.44	
22482364	38.92	39.84	175.61	3.44	
22524984	38.92	39.58	175.63	3.41	
22567532	38.92	37.88	174.08	3.61	
22610088	38.92	37.41	184.13	3.75	
22652660	38.92	38.13	191.43	3.76	
22695244	38.92	37.37	191.76	3.93	
22737812	38.92	37.40	200.30	4.04	
22780368	38.92	38.37	205.86	4.01	
22822924	38.92	39.38	204.39	3.90	
22865484	38.92	40.10	199.07	3.77	
22908052	38.92	40.35	192.03	3.64	
22950620	38.92	40.59	185.77	3.50	
22993188	38.92	40.59	178.63	3.38	
23035736	38.92	39.38	172.40	3.43	
23078308	38.92	37.65	175.03	3.65	
23120860	38.92	38.13	185.99	3.67	
23163416	38.92	38.15	187.24	3.73	
23205968	38.92	37.16	190.04	3.93	
23248516	38.92	37.40	200.20	4.02	
23291112	38.92	38.38	204.98	3.99	
23333676	38.92	39.36	203.47	3.89	
23376228	38.92	39.85	198.30	3.79	
23418796	38.92	40.10	193.04	3.68	
23461408	38.92	39.85	187.72	3.63	
23503972	38.92	40.56	185.10	3.46	
23546576	38.92	40.32	176.39	3.37	
23589152	38.92	37.88	172.02	3.62	
23631720	38.92	38.36	184.70	3.63	
23674268	38.92	38.15	185.04	3.70	
23716832	38.92	37.16	188.71	3.90	
23759412	38.92	37.37	198.82	4.00	
23801964	38.92	38.15	203.88	4.00	
23844512	38.92	38.88	203.95	3.95	
23887084	38.92	39.61	201.42	3.85	
23929672	38.92	40.07	196.20	3.73	
23972236	38.92	40.59	190.21	3.57	
24014812	38.92	40.83	182.08	3.41	
24057428	38.92	39.83	174.03	3.42	
24099996	38.92	38.38	174.26	3.56	
24142548	38.92	38.62	181.52	3.56	
24185108	38.92	37.65	181.76	3.73	
24227668	38.92	37.16	190.01	3.89	
24270212	38.92	37.16	198.37	4.02	
24312768	38.92	38.15	204.95	4.00	
24355320	38.92	38.88	204.25	3.96	
24397912	38.92	39.38	201.73	3.89	
24440484	38.92	40.30	198.24	3.72	
24483040	38.92	40.85	189.73	3.54	
24525612	38.92	40.34	180.49	3.47	
24568208	38.92	39.60	177.03	3.47	
24610772	38.92	38.85	177.11	3.53	
24653360	38.92	38.88	180.08	3.53	
24695908	38.92	37.88	180.12	3.68	
24738460	38.92	37.16	187.63	3.86	
24781008	38.92	37.41	196.81	3.95	
24823596	38.92	38.13	201.54	3.96	
24866140	38.92	38.62	201.88	3.95	
24908692	38.92	39.13	201.21	3.89	
24951284	38.92	40.08	198.56	3.74	
24993836	38.92	40.61	190.82	3.58	
25036444	38.92	40.09	182.56	3.53	
25079012	38.92	40.08	180.02	3.45	
25121572	38.92	39.10	175.71	3.50	
25164132	38.92	38.64	178.56	3.55	
25206688	38.92	38.14	181.26	3.65	
25249236	38.92	37.16	185.99	3.84	
25291832	38.92	37.88	196.09	3.87	
25334380	38.92	37.89	197.35	3.95	
25376940	38.92	38.38	201.21	3.95	
25419496	38.92	38.87	201.41	3.92	
25462068	38.92	39.85	199.82	3.78	
25504636	38.92	40.59	192.80	3.61	
25547204	38.92	40.10	183.87	3.55	
25589788	38.92	39.85	181.22	3.50	
25632360	38.92	39.35	178.63	3.51	
25674952	38.92	39.11	178.81	3.51	
25717532	38.92	38.59	178.98	3.57	
25760076	38.92	37.41	182.04	3.76	
25802620	38.92	37.66	191.95	3.84	
25845168	38.92	37.89	195.76	3.90	
25887748	38.92	37.90	198.81	3.97	
25930292	38.92	38.64	202.55	3.94	
25972848	38.92	39.63	200.94	3.82	
26015424	38.92	40.09	194.73	3.70	
26058012	38.92	40.35	188.68	3.58	
26100612	38.92	40.30	182.40	3.48	
26143160	38.92	39.62	177.39	3.48	
26185776	38.92	39.09	177.23	3.50	