32998312	25.30	24.63	145.73	2.87	
33001288	25.30	24.63	146.22	2.88	
33004236	25.30	24.66	146.71	2.88	
33007220	25.30	24.63	146.72	2.90	
33010216	25.30	24.63	147.66	2.90	
33013184	25.30	28.15	148.15	1.93	
33016148	25.30	24.66	98.30	2.86	
33019056	25.30	25.35	146.07	2.68	
33022032	25.30	28.15	136.78	1.89	
33024980	25.30	24.66	96.64	2.83	
33027872	25.30	25.35	144.40	2.65	
33030868	25.30	24.63	135.11	2.85	
33033840	25.30	24.66	145.31	2.85	
33036824	25.30	28.15	145.32	1.88	
33039772	25.30	24.63	95.92	2.83	
33042672	25.30	25.38	144.15	2.63	
33045664	25.30	24.63	133.91	2.83	
33048672	25.30	27.96	144.58	1.91	
33051612	25.30	24.83	97.45	2.75	
33054512	25.30	25.28	140.20	2.63	
33057472	25.30	24.70	134.21	2.79	
33060448	25.30	24.63	142.51	2.82	
33063416	25.30	24.66	143.90	2.82	
33066380	25.30	24.63	143.91	2.84	
33069352	25.30	24.63	144.85	2.85	
33072348	25.30	24.66	145.34	2.85	
33075324	25.30	24.63	145.35	2.87	
33078304	25.30	28.11	146.29	1.90	
33081272	25.30	24.66	96.98	2.83	
33084164	25.30	25.38	144.24	2.64	
33087160	25.30	21.11	134.44	3.83	
33090112	25.30	28.11	195.48	1.93	
33093104	25.30	21.17	98.44	3.84	
33096012	25.30	25.35	195.66	2.73	
33098992	25.30	27.96	138.98	1.99	
33101936	25.30	24.80	101.54	2.84	
33104888	25.30	24.67	144.81	2.88	
33107872	25.30	24.63	147.05	2.90	
33110828	25.30	24.63	148.03	2.91	
33113824	25.30	24.66	148.51	2.91	
33116800	25.30	24.63	148.52	2.93	
33119784	25.30	24.63	149.46	2.94	
33122752	25.30	28.15	149.95	1.96	
33125736	25.30	24.53	100.10	2.94	
33128736	25.30	24.60	149.76	2.93	
33131656	25.30	21.25	149.38	3.88	
33134632	25.30	24.63	197.68	2.99	
33137624	25.30	24.63	152.35	3.00	
33140580	25.30	24.66	152.84	3.00	
33143576	25.30	24.63	152.86	3.01	
33146552	25.30	28.15	153.75	2.04	
33149508	25.30	24.63	103.98	2.98	
33152504	25.30	28.11	152.18	2.02	
33155472	25.30	24.70	102.87	2.93	
33158452	25.30	24.63	149.65	2.96	
33161428	25.30	24.63	151.04	2.97	
33164384	25.30	24.66	151.53	2.97	
33167356	25.30	24.63	151.55	2.99	
33170376	25.30	27.96	152.48	2.07	
33173328	25.30	24.80	105.32	2.91	
33176276	25.30	24.66	148.63	2.96	
33179296	25.30	24.63	150.90	2.98	
33182256	25.30	28.11	151.84	2.01	
33185216	25.30	24.70	102.53	2.93	
33188200	25.30	24.63	149.31	2.95	
33191212	25.30	24.63	150.69	2.96	
33194160	25.30	28.15	151.19	1.99	
33197116	25.30	24.63	101.34	2.93	
33200104	25.30	24.66	149.57	2.93	
33203052	25.30	24.63	149.59	2.95	
33206056	25.30	24.63	150.52	2.96	
33209048	25.30	24.63	151.01	2.97	
33212024	25.30	28.00	151.50	2.04	
33214976	25.30	24.80	103.79	2.89	
33217952	25.30	24.63	147.61	2.95	
33220944	25.30	24.63	150.36	2.96	
33223904	25.30	28.19	150.85	1.97	
33226880	25.30	24.63	100.46	2.93	
33229856	25.30	28.15	149.21	1.95	
33232824	25.30	24.63	99.36	2.89	
33235740	25.30	28.81	147.60	1.73	
33238680	25.30	24.80	88.44	2.81	
33241584	25.30	25.38	143.19	2.65	
33244532	25.30	24.63	135.21	2.86	
33247512	25.30	24.63	145.88	2.87	
33250492	25.30	24.66	146.33	2.87	
33253488	25.30	24.63	146.38	2.89	
33256464	25.30	28.15	147.31	1.91	
33259412	25.30	24.63	97.50	2.86	
33262324	25.30	25.38	145.71	2.66	
33265320	25.30	24.63	135.43	2.87	
33268276	25.30	28.11	146.14	1.90	
33271228	25.30	24.70	96.86	2.82	
33274124	25.30	25.35	143.61	2.64	
33277100	25.30	24.63	134.77	2.84	
33280100	25.30	24.66	144.92	2.84	
33283056	25.30	24.63	144.98	2.86	
33286032	25.30	24.63	145.91	2.87	
33289008	25.30	24.63	146.40	2.88	
33291984	25.30	28.15	146.88	1.90	
33294940	25.30	24.66	97.04	2.84	
33297852	25.30	25.35	144.80	2.66	
33300824	25.30	24.63	135.51	2.86	
33303808	25.30	28.19	145.70	1.87	
33306764	25.30	24.63	95.35	2.82	
33309656	25.30	25.38	144.07	2.62	
33312640	25.30	24.63	133.79	2.83	
33315616	25.30	28.15	144.49	1.86	
33318572	25.30	24.63	94.68	2.80	
33321488	25.30	25.38	142.89	2.60	
33324456	25.30	24.63	132.64	2.81	
33327432	25.30	24.63	143.28	2.82	
33330408	25.30	24.66	143.80	2.82	
33333364	25.30	24.63	143.81	2.84	
33336336	25.30	24.63	144.75	2.85	
33339328	25.30	24.63	145.24	2.86	
33342328	25.30	28.00	145.72	1.92	
33345280	25.30	24.80	98.03	2.78	
33348172	25.30	25.35	141.84	2.63	
33351144	25.30	24.63	134.36	2.83	
33354120	25.30	24.66	144.56	2.83	
33357080	25.30	24.63	144.57	2.85	
33360064	25.30	24.63	145.51	2.86	
33363032	25.30	24.66	146.00	2.86	
33366024	25.30	24.63	146.01	2.88	
33369016	25.30	27.96	146.95	1.96	
33371968	25.30	24.80	99.78	2.81	
33374864	25.30	25.38	143.08	2.65	
33377872	25.30	21.06	135.10	3.86	
33380812	25.30	28.22	196.91	1.91	
33383808	25.30	24.53	97.56	2.91	
33386684	25.30	25.49	148.21	2.65	
33389632	25.30	24.63	135.11	2.89	
33392632	25.30	24.67	147.22	2.89	
33395624	25.30	24.47	147.20	2.95	
33398584	25.30	28.26	150.53	1.90	
33401552	25.30	24.70	96.86	2.86	
33404448	25.30	21.76	145.67	3.69	
33407396	25.30	24.63	188.08	2.93	
33410372	25.30	24.63	149.58	2.94	
33413352	25.30	24.66	150.07	2.94	
33416376	25.30	24.47	150.08	3.01	
33419320	25.30	28.34	153.38	1.93	
33422312	25.30	24.63	98.59	2.93	
33425180	25.30	29.01	149.42	1.71	
33428156	25.30	24.63	87.38	2.89	
33431040	25.30	25.38	147.25	2.69	
33434016	25.30	24.63	137.01	2.90	
33436972	25.30	24.63	147.68	2.91	
33439952	25.30	24.63	148.17	2.91	
33442952	25.30	24.66	148.66	2.92	
33445924	25.30	24.63	148.67	2.93	
33448896	25.30	28.15	149.60	1.96	
33451852	25.30	24.63	99.76	2.90	
33454764	25.30	25.38	147.99	2.70	
33457736	25.30	28.15	137.75	1.92	
33460692	25.30	24.63	98.09	2.87	
33463612	25.30	25.38	146.32	2.67	
33466564	25.30	24.63	136.08	2.88	
33469556	25.30	24.63	146.75	2.89	
33472548	25.30	24.63	147.24	2.90	
33475520	25.30	24.66	147.73	2.90	
33478476	25.30	28.15	147.75	1.93	
33481428	25.30	24.63	98.35	2.87	
33484344	25.30	25.31	146.59	2.69	
33487292	25.30	24.70	137.35	2.87	
33490268	25.30	24.63	146.12	2.89	
33493268	25.30	24.63	147.50	2.90	
33496280	25.30	28.00	147.99	1.97	
33499224	25.30	24.80	100.28	2.83	
33502172	25.30	24.63	144.09	2.88	
33505168	25.30	24.63	146.84	2.89	
33508160	25.30	24.66	147.33	2.89	
33511116	25.30	28.15	147.34	1.92	
33514068	25.30	24.63	97.95	2.87	
33516964	25.30	25.38	146.19	2.67	
33519952	25.30	24.63	135.94	2.87	
33522944	25.30	28.11	146.61	1.91	
33525912	25.30	24.70	97.30	2.83	
33528796	25.30	25.35	144.08	2.65	
33531768	25.30	24.63	135.24	2.85	
33534744	25.30	24.63	145.43	2.86	
33537720	25.30	24.66	145.92	2.86	
33540676	25.30	24.63	145.94	2.88	
33543652	25.30	24.63	146.88	2.89	
33546648	25.30	24.63	147.36	2.90	
33549624	25.30	28.19	147.85	1.91	
33552580	25.30	24.63	97.46	2.87	
33555480	25.30	25.38	146.21	2.67	
33558436	25.30	24.63	135.97	2.88	
33561412	25.30	24.63	146.64	2.88	
33564388	25.30	24.63	147.12	2.89	
33567384	25.30	24.63	147.61	2.90	
33570384	25.30	27.93	148.09	1.99	
33573340	25.30	24.87	101.46	2.81	
33576304	25.30	24.63	143.29	2.88	
33579272	25.30	24.63	146.96	2.89	
33582264	25.30	24.66	147.45	2.89	
33585272	25.30	27.96	147.46	1.98	
33588208	25.30	24.80	100.74	2.82	
33591184	25.30	24.66	144.04	2.87	
33594160	25.30	24.63	146.32	2.89	
33597136	25.30	24.63	147.26	2.90	
33600112	25.30	24.63	147.75	2.91	
33603088	25.30	24.63	148.20	2.92	
33606048	25.30	24.66	148.73	2.92	
33609016	25.30	24.63	148.74	2.93	
33612012	25.30	24.63	149.68	2.94	
33615024	25.30	27.96	150.17	2.02	
33617968	25.30	24.83	103.03	2.86	
33620916	25.30	24.63	145.78	2.92	
33623912	25.30	24.63	149.02	2.93	
33626904	25.30	24.47	149.51	2.99	
33629860	25.30	24.83	152.35	2.90	
33632832	25.30	24.63	147.75	2.96	
33635808	25.30	24.63	150.95	2.97	
33638760	25.30	24.63	151.44	2.98	
33641768	25.30	24.66	151.93	2.98	
33644744	25.30	28.15	151.94	2.01	
33647720	25.30	24.63	102.54	2.96	
33650696	25.30	28.15	150.78	1.98	
33653656	25.30	24.66	100.93	2.92	
33656612	25.30	24.63	148.70	2.93	
33659608	25.30	24.63	149.63	2.94	
33662584	25.30	24.66	150.12	2.94	
33665548	25.30	24.63	150.14	2.96	
33668516	25.30	24.63	151.08	2.97	
33671512	25.30	24.63	151.56	2.98	
33674496	25.30	28.15	152.05	2.00	
33677444	25.30	24.66	102.20	2.94	
33680472	25.30	27.96	149.96	2.02	
33683408	25.30	24.80	103.24	2.87	
33686368	25.30	24.66	146.55	2.92	
33689360	25.30	24.63	148.82	2.94	
33692316	25.30	24.63	149.76	2.95	
33695320	25.30	24.63	150.25	2.96	
33698304	25.30	24.63	150.74	2.97	
33701260	25.30	28.19	151.23	1.98	
33704248	25.30	24.63	100.84	2.93	
33707216	25.30	28.15	149.59	1.96	
33710172	25.30	24.67	99.78	2.89	
33713076	25.30	25.35	147.47	2.71	
33716048	25.30	28.15	138.22	1.92	
33719048	25.30	24.66	98.11	2.86	
33721928	25.30	25.31	145.85	2.69	
33724912	25.30	28.08	137.05	1.91	
33727864	25.30	24.73	97.52	2.81	
33730764	25.30	25.38	143.31	2.64	
33733732	25.30	24.63	134.42	2.84	
33736708	25.30	24.63	145.09	2.85	
33739680	25.30	24.66	145.58	2.85	
33742656	25.30	24.63	145.60	2.87	
33745620	25.30	24.63	146.50	2.88	
33748608	25.30	24.63	147.02	2.89	
33751584	25.30	28.19	147.51	1.91	
33754532	25.30	24.63	97.16	2.86	
33757460	25.30	25.35	145.87	2.67	
33760440	25.30	28.07	136.10	1.90	
33763400	25.30	24.73	97.11	2.80	
33766292	25.30	25.38	142.87	2.63	
33769236	25.30	24.63	133.98	2.84	
33772212	25.30	24.63	144.65	2.84	
33775232	25.30	24.63	145.09	2.86	
33778184	25.30	28.19	145.62	1.87	
33781140	25.30	24.63	95.27	2.82	
33784036	25.30	25.35	143.99	2.63	
33787032	25.30	24.66	134.25	2.82	
33790008	25.30	28.15	143.96	1.85	
33792976	25.30	24.63	94.58	2.80	
33795868	25.30	25.35	142.82	2.61	
33798840	25.30	24.66	133.08	2.80	
33801816	25.30	24.63	142.81	2.82	
33804788	25.30	24.63	143.75	2.83	
33807760	25.30	24.66	144.20	2.83	
33810724	25.30	24.63	144.25	2.85	
33813720	25.30	24.63	145.19	2.86	
33816696	25.30	28.15	145.67	1.88	
33819644	25.30	24.63	95.86	2.82	
33822540	25.30	25.38	144.03	2.62	
33825508	25.30	24.63	133.82	2.83	
33828528	25.30	24.63	144.49	2.84	
33831488	25.30	28.11	144.98	1.88	
33834456	25.30	24.70	95.71	2.79	
33837356	25.30	25.35	142.42	2.62	
33840328	25.30	24.66	133.61	2.81	
33843304	25.30	24.63	143.34	2.83	
33846280	25.30	24.63	144.28	2.84	
33849248	25.30	24.66	144.77	2.84	
33852216	25.30	24.63	144.78	2.86	
33855192	25.30	24.63	145.72	2.87	
33858168	25.30	24.63	146.21	2.88	
33861144	25.30	24.63	146.70	2.89	
33864100	25.30	24.66	147.19	2.89	
33867096	25.30	24.63	147.21	2.90	
33870112	25.30	24.63	148.14	2.91	
33873056	25.30	24.63	148.63	2.92	
33876004	25.30	24.66	149.09	2.92	
33878984	25.30	24.63	149.13	2.94	
33881968	25.30	24.63	150.07	2.95	
33884944	25.30	24.66	150.56	2.95	
33887900	25.30	24.63	150.58	2.97	
33890896	25.30	24.63	151.51	2.98	
33893872	25.30	28.15	152.00	2.00	
33896828	25.30	24.63	102.15	2.95	
33899840	25.30	24.66	150.39	2.95	
33902800	25.30	24.63	150.41	2.97	
33905776	25.30	24.63	151.34	2.98	
33908780	25.30	24.63	151.83	2.99	
33911744	25.30	28.04	152.32	2.04	
33914700	25.30	24.76	104.08	2.92	
33917672	25.30	24.63	148.88	2.96	
33920664	25.30	24.63	151.17	2.97	
33923628	25.30	28.19	151.66	1.99	
33926588	25.30	24.63	101.27	2.94	
33929556	25.30	24.63	150.03	2.95	
33932528	25.30	24.63	150.52	2.96	
33935528	25.30	24.66	151.01	2.96	
33938536	25.30	24.63	151.02	2.98	
33941472	25.30	28.15	151.96	2.00	
33944428	25.30	24.66	102.12	2.94	
33947416	25.30	24.63	149.88	2.96	
33950392	25.30	24.63	150.82	2.97	
33953392	25.30	24.63	151.30	2.98	
33956368	25.30	24.47	151.79	3.03	
33959320	25.30	28.38	154.64	1.95	
33962300	25.30	24.63	99.30	2.95	
33965196	25.30	25.38	150.65	2.75	
33968168	25.30	28.11	140.41	1.99	
33971136	25.30	24.66	101.28	2.91	
33974092	25.30	24.63	148.54	2.93	
33977088	25.30	24.66	149.47	2.93	
33980064	25.30	28.07	149.48	1.98	
33983024	25.30	24.67	101.20	2.90	
33986008	25.30	24.66	147.87	2.91	
33988984	25.30	24.63	148.37	2.93	
33991968	25.30	28.19	149.31	1.94	
33994920	25.30	24.63	98.95	2.90	
33997832	25.30	25.35	147.67	2.70	
34000836	25.30	28.00	137.89	1.96	
34003776	25.30	24.80	99.96	2.82	
34006668	25.30	25.35	143.74	2.67	
34009636	25.30	24.60	136.26	2.88	
34012596	25.30	24.70	146.93	2.86	
34015592	25.30	24.63	145.98	2.89	
34018600	25.30	24.63	147.40	2.90	
34021544	25.30	28.19	147.90	1.91	
34024520	25.30	24.63	97.54	2.87	
34027420	25.30	28.85	146.26	1.70	
34030380	25.30	24.76	86.49	2.79	
34033256	25.30	25.35	142.29	2.63	
34036248	25.30	24.63	134.36	2.83	
34039232	25.30	28.08	144.55	1.88	
34042192	25.30	24.73	95.78	2.78	
34045100	25.30	25.38	141.57	2.60	
34048064	25.30	24.63	132.68	2.81	
34051032	25.30	24.63	143.35	2.82	
34054008	25.30	24.63	143.84	2.83	
34056980	25.30	24.66	144.33	2.83	
34059940	25.30	24.63	144.34	2.85	
34062936	25.30	24.63	145.24	2.86	
34065948	25.30	27.96	145.77	1.93	
34068888	25.30	24.80	98.63	2.78	
34071768	25.30	25.38	141.90	2.63	
34074736	25.30	24.63	133.92	2.83	
34077736	25.30	24.66	144.55	2.84	
34080696	25.30	24.63	144.60	2.85	
34083696	25.30	24.63	145.53	2.86	
34086648	25.30	28.15	146.03	1.89	
34089604	25.30	24.66	96.22	2.82	
34092516	25.30	25.35	143.95	2.64	
34095468	25.30	24.63	134.62	2.84	
34098468	25.30	24.66	144.85	2.84	
34101448	25.30	24.63	144.86	2.86	
34104420	25.30	24.63	145.80	2.87	
34107400	25.30	24.63	146.30	2.88	
34110368	25.30	24.63	146.79	2.89	
34113316	25.30	24.66	147.28	2.89	
34116336	25.30	24.63	147.29	2.91	
34119312	25.30	24.47	148.23	2.96	
34122260	25.30	28.38	151.07	1.88	
34125220	25.30	24.63	95.74	2.88	
34128124	25.30	25.35	147.08	2.69	
34131088	25.30	24.63	137.34	2.89	
34134072	25.30	24.66	147.54	2.89	
34137044	25.30	24.63	147.55	2.91	
34140012	25.30	24.63	148.49	2.92	
34142988	25.30	24.63	148.97	2.93	
34145956	25.30	24.66	149.42	2.93	
34148952	25.30	24.63	149.47	2.95	
34151936	25.30	28.07	150.41	1.99	
34154908	25.30	24.73	101.67	2.89	
34157884	25.30	24.63	147.43	2.93	
34160844	25.30	24.63	149.27	2.94	
34163872	25.30	24.63	149.72	2.95	
34166816	25.30	24.66	150.25	2.95	
34169784	25.30	28.07	150.26	2.00	
34172752	25.30	24.70	101.98	2.91	
34175708	25.30	24.63	148.21	2.93	
34178684	25.30	24.66	149.56	2.93	
34181668	25.30	24.57	149.61	2.97	
34184656	25.30	24.70	151.49	2.94	
34187632	25.30	28.11	150.13	2.00	
34190616	25.30	24.67	101.78	2.92	
34193564	25.30	24.66	148.96	2.93	
34196560	25.30	24.63	149.46	2.95	
34199568	25.30	27.96	150.39	2.02	
34202504	25.30	24.80	103.26	2.87	
34205484	25.30	24.67	146.53	2.92	
34208456	25.30	24.63	148.77	2.94	
34211432	25.30	28.15	149.74	1.96	
34214404	25.30	24.66	99.93	2.90	
34217300	25.30	25.35	147.66	2.71	
34220260	25.30	24.63	138.37	2.91	
34223252	25.30	24.63	148.56	2.92	
34226256	25.30	24.66	149.01	2.92	
34229220	25.30	27.96	149.07	2.01	
34232168	25.30	24.80	102.38	2.86	
34235124	25.30	24.63	145.65	2.91	
34238120	25.30	24.67	148.40	2.91	
34241104	25.30	28.04	148.37	1.97	
34244076	25.30	24.73	100.66	2.86	
34247048	25.30	24.63	145.90	2.90	
34250024	25.30	24.66	147.74	2.90	
34253032	25.30	24.63	147.76	2.91	
34255976	25.30	28.15	148.66	1.94	
34258924	25.30	24.63	98.89	2.88	
34261840	25.30	25.38	147.09	2.68	
34264808	25.30	28.15	136.85	1.91	
34267764	25.30	24.63	97.19	2.85	
34270660	25.30	25.38	145.42	2.65	
34273648	25.30	24.63	135.18	2.86	
34276664	25.30	27.96	145.85	1.93	
34279592	25.30	24.83	98.67	2.77	
34282468	25.30	25.35	141.50	2.64	
34285464	25.30	24.63	134.48	2.84	
34288440	25.30	28.19	144.67	1.85	
34291396	25.30	24.63	94.28	2.80	
34294308	25.30	25.35	143.03	2.61	
34297276	25.30	24.66	133.29	2.80	
34300236	25.30	24.63	143.01	2.82	
34303216	25.30	24.63	143.95	2.83	
34306192	25.30	24.66	144.44	2.83	
34309184	25.30	24.63	144.45	2.85	
34312176	25.30	24.63	145.39	2.86	
34315128	25.30	28.15	145.88	1.88	
34318108	25.30	24.66	96.03	2.82	
34321020	25.30	25.35	143.80	2.64	
34323968	25.30	28.15	134.51	1.85	
34326944	25.30	24.63	94.37	2.80	
34329824	25.30	25.38	142.61	2.60	
34332792	25.30	24.63	132.37	2.80	
34335792	25.30	24.63	143.04	2.81	
34338760	25.30	28.19	143.52	1.83	
34341736	25.30	24.63	93.14	2.78	
34344628	25.30	25.35	141.89	2.59	
34347608	25.30	24.60	132.15	2.80	
34350608	25.30	21.17	142.82	3.77	
34353532	25.30	24.63	192.35	2.86	
34356512	25.30	24.63	145.89	2.87	
34359484	25.30	24.66	146.38	2.87	
34362460	25.30	24.63	146.39	2.89	
34365488	25.30	24.63	147.33	2.90	
34368424	25.30	28.19	147.82	1.91	
34371388	25.30	24.63	97.43	2.87	
34374292	25.30	25.35	146.19	2.68	
34377288	25.30	24.60	136.45	2.88	
34380240	25.30	28.23	147.12	1.88	
34383216	25.30	24.63	95.74	2.84	
34386144	25.30	21.72	145.01	3.67	
34389088	25.30	28.15	187.02	1.92	
34392056	25.30	24.63	97.76	2.86	
34394952	25.30	25.38	146.00	2.66	
34397920	25.30	24.66	135.76	2.86	
34400896	25.30	24.63	145.96	2.88	
34403872	25.30	24.63	146.90	2.89	
34406848	25.30	24.63	147.39	2.90	
34409816	25.30	24.66	147.88	2.90	
34412780	25.30	24.63	147.90	2.92	
34415752	25.30	24.63	148.83	2.93	
34418784	25.30	24.66	149.29	2.93	
34421720	25.30	28.15	149.34	1.96	
34424696	25.30	24.63	99.98	2.91	
34427592	25.30	25.38	148.19	2.70	
34430560	25.30	24.63	137.94	2.91	
34433536	25.30	24.63	148.58	2.92	
34436508	25.30	24.63	149.10	2.93	
34439468	25.30	24.63	149.59	2.94	
34442464	25.30	24.66	150.08	2.94	
34445440	25.30	28.15	150.09	1.97	
34448392	25.30	24.63	100.69	2.92	
34451388	25.30	28.19	148.93	1.93	
34454360	25.30	24.63	98.60	2.89	
34457252	25.30	25.35	147.32	2.70	
34460208	25.30	24.63	137.58	2.90	
34463184	25.30	24.67	147.77	2.90	
34466188	25.30	24.63	147.75	2.92	
34469160	25.30	24.63	148.72	2.93	
34472136	25.30	28.11	149.21	1.96	
34475092	25.30	24.70	99.94	2.88	
34477984	25.30	25.35	146.68	2.70	
34480948	25.30	24.63	137.80	2.90	
34483936	25.30	24.66	148.03	2.90	
34486940	25.30	27.96	148.04	1.99	
34489896	25.30	24.80	101.36	2.84	
34492844	25.30	24.63	144.63	2.89	
34495820	25.30	24.66	147.34	2.89	
34498856	25.30	24.63	147.38	2.91	
34501800	25.30	28.15	148.33	1.93	
34504752	25.30	24.63	98.52	2.88	
34507660	25.30	25.38	146.72	2.68	
34510640	25.30	28.04	136.44	1.93	
34513612	25.30	24.76	98.47	2.81	
34516508	25.30	25.35	143.24	2.65	
34519452	25.30	24.63	135.30	2.85	
34522480	25.30	24.66	145.50	2.85	
34525424	25.30	24.63	145.51	2.87	
34528416	25.30	28.00	146.41	1.94	
34531376	25.30	24.76	98.78	2.80	
34534244	25.30	25.38	143.04	2.64	
34537212	25.30	24.63	134.60	2.85	
34540208	25.30	24.63	145.27	2.86	
34543208	25.30	24.66	145.72	2.86	
34546160	25.30	28.15	145.77	1.89	
34549116	25.30	24.63	96.41	2.84	
34552012	25.30	25.35	144.61	2.64	
34555040	25.30	24.67	134.87	2.83	
34557984	25.30	28.15	144.56	1.87	
34560952	25.30	24.63	95.23	2.81	
34563824	25.30	25.38	143.44	2.61	
34566796	25.30	24.63	133.20	2.82	
34569792	25.30	24.63	143.87	2.83	
34572784	25.30	24.63	144.35	2.84	
34575740	25.30	28.19	144.81	1.85	
34578704	25.30	24.63	94.50	2.81	
34581620	25.30	25.35	143.21	2.62	
34584560	25.30	24.66	133.47	2.81	
34587540	25.30	24.63	143.19	2.83	
34590508	25.30	24.63	144.09	2.84	
34593512	25.30	24.63	144.61	2.85	
34596480	25.30	24.66	145.10	2.85	
34599480	25.30	24.63	145.11	2.86	
34602432	25.30	28.15	146.06	1.89	
34605388	25.30	24.66	96.21	2.82	
34608304	25.30	25.35	144.01	2.64	
34611256	25.30	24.63	134.69	2.84	
34614228	25.30	24.63	144.88	2.85	
34617196	25.30	24.66	145.36	2.85	
34620184	25.30	24.64	145.38	2.87	
34623148	25.30	24.63	146.24	2.88	
34626124	25.30	24.63	146.80	2.89	
34629100	25.30	24.66	147.28	2.89	
34632096	25.30	24.63	147.29	2.91	
34635072	25.30	28.15	148.23	1.93	
34638056	25.30	24.66	98.42	2.87	
34640944	25.30	25.35	146.15	2.68	
34643912	25.30	24.63	136.86	2.88	
34646904	25.30	21.11	147.06	3.88	
34649880	25.30	24.66	197.85	2.94	
34652832	25.30	24.63	150.15	2.96	
34655832	25.30	24.63	151.08	2.97	
34658764	25.30	28.15	151.58	2.00	
34661760	25.30	24.66	101.78	2.93	
34664744	25.30	28.15	149.51	1.96	
34667720	25.30	24.63	100.07	2.91	
34670696	25.30	24.63	148.35	2.92	
34673660	25.30	21.14	148.84	3.91	
34676612	25.30	24.63	199.19	2.99	
34679588	25.30	24.63	152.35	3.00	
34682608	25.30	24.66	152.84	3.00	
34685548	40.59	28.15	152.85	5.00	
34688576	40.59	24.63	255.00	5.00	
34691552	40.59	28.15	255.00	5.00	
34694528	40.59	28.15	255.00	5.00	
34697472	40.59	28.19	255.00	5.00	
34700428	40.59	28.15	255.00	5.00	
34703404	40.59	28.15	255.00	5.00	
34706392	40.59	28.15	255.00	5.00	
34709404	40.59	24.66	255.00	5.00	
34712380	40.59	27.96	255.00	5.00	
34715304	40.59	31.89	255.00	5.00	
34718296	40.59	28.15	255.00	5.00	
34721272	40.59	31.71	255.00	5.00	
34724224	40.59	31.67	255.00	5.00	
34727224	40.59	31.67	255.00	5.00	
34730232	40.59	31.50	255.00	5.00	
34733176	40.59	31.88	255.00	5.00	
34736136	40.59	31.67	255.00	5.00	
34739124	40.59	31.67	255.00	5.00	
34742100	40.59	31.67	255.00	5.00	
34745072	40.59	31.71	255.00	5.00	
34748044	40.59	35.19	255.00	5.00	
34751028	40.59	31.67	255.00	5.00	
34754028	40.59	35.19	255.00	5.00	
34756972	40.59	35.24	255.00	5.00	
34759956	40.59	35.19	255.00	5.00	
34762944	40.59	35.19	255.00	5.00	
34765904	40.59	35.24	255.00	5.00	
34768868	40.59	35.19	255.00	5.00	
34771872	40.59	38.71	255.00	5.00	
34774820	40.59	35.19	255.00	5.00	
34777796	40.59	35.24	255.00	5.00	
34780772	40.59	38.71	255.00	5.00	
34783748	40.59	35.19	255.00	5.00	
34786748	40.59	38.71	255.00	5.00	
34789732	40.59	35.24	255.00	5.00	
34792672	40.59	38.71	255.00	5.00	
34795656	40.59	38.71	255.00	5.00	
34798624	40.59	38.71	255.00	5.00	
34801592	40.59	38.71	255.00	5.00	
34804616	40.59	42.00	255.00	5.00	
34807548	40.59	38.97	255.00	5.00	
34810524	40.59	38.71	255.00	5.00	
34813532	40.59	42.00	255.00	5.00	
34816468	40.59	38.97	255.00	5.00	
34819444	40.59	38.71	255.00	5.00	
34822424	40.59	42.22	255.00	5.00	
34825452	40.59	38.76	255.00	5.00	
34828408	40.59	42.22	255.00	5.00	
34831376	40.59	38.71	255.00	5.00	
34834324	40.59	42.23	255.00	5.00	
34837300	40.59	42.28	255.00	5.00	
34840268	40.59	42.23	255.00	5.00	
34843244	40.59	42.22	255.00	5.00	
34846244	40.59	42.23	255.00	5.00	
34849208	40.59	42.28	255.00	5.00	
34852172	40.59	42.23	255.00	5.00	
34855152	40.59	42.22	255.00	5.00	
34858128	40.59	42.23	255.00	5.00	
34861136	40.59	42.28	255.00	5.00	
34864100	40.59	42.23	255.00	5.00	
34867044	40.59	45.74	255.00	5.00	
34870020	40.59	42.23	255.00	5.00	
34873024	40.59	42.22	255.00	5.00	
34876016	40.59	45.38	255.00	5.00	
34878948	40.59	42.63	255.00	5.00	
34881952	40.59	42.22	255.00	5.00	
34884904	40.59	45.75	255.00	5.00	
34887908	40.59	45.50	255.00	5.00	
34890876	40.59	42.51	255.00	5.00	
34893856	40.59	45.75	255.00	5.00	
34896796	40.59	45.81	255.00	5.00	
34899804	40.59	45.75	255.00	5.00	
34902748	40.59	45.74	255.00	5.00	
34905752	40.59	42.23	255.00	5.00	
34908728	40.59	45.75	255.00	4.98	
34911668	40.59	45.81	253.87	4.89	
34914656	40.59	45.74	249.20	4.83	
34917624	40.59	45.75	246.30	4.75	
34920632	40.59	41.95	242.43	5.00	
34923576	40.59	49.66	255.00	3.56	
34926584	40.59	45.75	181.65	4.53	
34929552	40.59	45.74	230.99	4.46	
34932528	40.59	45.75	227.27	4.38	
34935476	40.59	49.07	223.40	3.37	
34938440	40.59	45.99	172.11	4.11	
34941444	40.59	45.75	209.84	4.11	
34944428	40.59	45.75	209.40	4.03	
34947400	40.59	45.80	205.58	3.94	
34950352	40.59	45.75	200.95	3.88	
34953356	40.59	42.23	197.91	4.79	
34956340	40.59	45.80	244.42	3.77	
34959296	40.59	45.75	192.09	3.71	
34962272	40.59	45.75	189.06	3.63	
34965216	40.59	45.75	185.26	3.56	
34968228	40.59	45.75	181.47	3.48	
34971176	40.59	45.68	177.65	3.43	
34974144	40.59	42.34	174.82	4.29	
34977152	40.59	45.44	218.81	3.40	
34980100	40.59	42.57	173.20	4.13	
34983104	40.59	45.44	210.74	3.30	
34986072	40.59	42.51	168.18	4.05	
34989032	40.59	45.75	206.54	3.11	
34991992	40.59	45.81	158.82	3.02	
34995000	40.59	45.44	154.15	3.05	
34997972	40.59	42.51	155.55	3.80	
35000948	40.59	45.68	193.92	2.88	
35003896	40.59	42.29	147.09	3.76	
35006868	40.59	42.28	191.95	3.74	
35009848	40.59	42.23	190.78	3.73	
35012824	40.59	42.22	190.28	3.71	
35015800	40.59	42.23	189.14	3.68	
35018776	40.59	42.28	187.87	3.65	
35021772	40.59	42.23	185.93	3.64	
35024752	40.59	42.22	185.42	3.61	
35027732	40.59	42.06	184.29	3.64	
35030720	40.59	42.17	185.44	3.58	
35033696	40.59	42.17	182.82	3.56	
35036656	40.59	42.45	181.58	3.46	
35039648	40.59	42.11	176.43	3.53	
35042632	40.59	38.97	179.94	4.39	
35045580	40.59	42.22	223.69	3.50	
35048528	40.59	42.23	178.40	3.47	
35051500	40.59	42.28	177.12	3.43	
35054500	40.59	42.23	175.18	3.42	
35057440	40.59	42.22	174.67	3.40	
35060452	40.59	38.45	173.54	4.44	
35063392	40.59	42.51	226.34	3.33	
35066372	40.59	42.28	169.77	3.37	
35069348	40.59	42.23	171.70	3.36	
35072352	40.59	38.71	171.21	4.32	
35075336	40.59	42.29	220.38	3.34	
35078304	40.59	41.94	170.57	3.42	
35081252	40.59	38.97	174.24	4.23	
35084216	40.59	42.23	215.77	3.34	
35087240	40.59	41.94	170.33	3.40	
35090172	40.59	39.02	173.23	4.20	
35093144	40.59	42.23	214.00	3.32	
35096156	40.59	38.65	169.28	4.30	
35099100	40.59	42.29	219.21	3.31	
35102068	40.59	42.28	168.70	3.29	
35105100	40.59	38.71	167.54	4.26	
35108024	40.59	42.23	217.42	3.30	
35111008	40.59	42.17	168.43	3.30	
35113972	40.59	38.82	168.12	4.21	
35116944	40.59	42.22	214.89	3.28	
35119920	40.59	38.71	167.46	4.25	
35122900	40.59	42.23	216.57	3.29	
35125868	40.59	38.76	167.58	4.24	
35128840	40.59	42.22	216.01	3.29	
35131872	40.59	38.71	167.81	4.25	
35134796	40.59	42.28	216.85	3.28	
35137808	40.59	38.71	167.19	4.26	
35140752	40.59	42.23	217.07	3.30	
35143784	40.59	41.94	168.08	3.35	
35146732	40.59	39.03	170.97	4.15	
35149668	40.59	38.71	211.67	4.26	
35152676	40.59	41.94	217.40	3.38	
35155620	40.59	38.97	172.52	4.20	
35158600	40.59	38.66	214.04	4.31	
35161596	40.59	42.22	219.65	3.34	
35164548	40.59	38.81	170.10	4.27	
35167544	40.59	38.71	217.71	4.32	
35170504	40.59	38.76	220.44	4.34	
35173472	40.59	38.71	221.16	4.38	
35176444	40.59	42.23	223.26	3.42	
35179416	40.59	38.71	174.28	4.38	
35182424	40.59	42.05	223.45	3.47	
35185372	40.59	38.92	176.96	4.33	
35188344	40.59	38.71	220.77	4.41	
35191352	40.59	38.71	224.92	4.44	
35194308	40.59	42.28	226.38	3.46	
35197268	40.59	38.71	176.65	4.44	
35200280	40.59	41.94	226.46	3.56	
35203228	40.59	38.97	181.64	4.38	
35206252	40.59	38.71	223.17	4.47	
35209168	40.59	42.29	228.12	3.50	
35212184	40.59	38.71	178.32	4.48	
35215120	40.59	42.23	228.27	3.52	
35218100	40.59	42.22	179.28	3.49	
35221076	40.59	42.17	178.15	3.48	
35224072	40.59	38.81	177.69	4.40	
35227016	40.59	42.22	224.60	3.47	
35230000	40.59	38.76	177.11	4.42	
35232996	40.59	42.22	225.39	3.48	
35235952	40.59	38.71	177.26	4.44	
35238944	40.59	42.06	226.36	3.53	
35241900	40.59	38.86	179.80	4.40	
35244868	40.59	42.28	224.43	3.47	
35247892	40.59	41.95	176.83	3.54	
35250820	40.59	38.97	180.35	4.35	
35253804	40.59	42.29	221.95	3.45	
35256768	40.59	38.71	175.70	4.42	
35259752	40.59	42.22	225.65	3.47	
35262728	40.59	42.23	176.73	3.44	
35265732	40.59	42.11	175.46	3.45	
35268724	40.59	38.87	175.94	4.34	
35271640	40.59	42.22	221.20	3.42	
35274652	40.59	41.95	174.48	3.48	
35277596	40.59	38.97	177.24	4.29	
35280572	40.59	42.28	218.84	3.39	
35283600	40.59	38.71	172.66	4.36	
35286524	40.59	42.23	222.55	3.40	
35289508	40.59	42.05	173.56	3.43	
35292476	40.59	38.92	174.86	4.29	
35295448	40.59	42.22	218.60	3.38	
35298464	40.59	41.95	172.59	3.44	
35301400	40.59	38.97	175.34	4.25	
35304400	40.59	42.00	216.94	3.43	
35307348	40.59	38.97	174.80	4.26	
35310320	40.59	38.71	217.02	4.35	
35313296	40.59	42.22	222.03	3.39	
35316272	40.59	38.76	173.12	4.34	
35319240	40.59	42.23	221.48	3.40	
35322216	40.59	38.71	173.21	4.36	
35325200	40.59	42.29	222.38	3.38	
35328176	40.59	38.71	172.58	4.36	
35331180	40.59	42.17	222.53	3.42	
35334124	40.59	38.76	174.43	4.35	
35337124	40.59	42.00	221.94	3.47	
35340068	40.59	38.97	177.03	4.30	
35343040	40.59	42.23	219.32	3.41	
35346072	40.59	38.71	173.89	4.37	
35348992	40.59	42.22	223.08	3.41	
35352004	40.59	38.76	174.16	4.36	
35354948	40.59	42.22	222.45	3.42	
35357980	40.59	38.71	174.31	4.38	
35360904	40.59	42.23	223.42	3.42	
35363872	40.59	38.76	174.44	4.37	
35366896	40.59	38.71	222.87	4.41	
35369816	40.59	42.23	224.97	3.45	
35372792	40.59	38.71	175.99	4.42	
35375768	40.59	42.28	225.17	3.44	
35378800	40.59	38.61	175.44	4.45	
35381720	40.59	42.34	226.74	3.43	
35384696	40.59	42.23	174.86	3.43	
35387696	40.59	42.11	175.13	3.44	
35390680	40.59	38.86	175.62	4.33	
35393624	40.59	42.23	220.95	3.41	
35396652	40.59	38.71	174.08	4.38	
35399568	40.59	42.29	223.27	3.40	
35402584	40.59	38.71	173.46	4.38	
35405520	40.59	42.22	223.41	3.42	
35408544	40.59	38.76	174.50	4.37	
35411500	40.59	42.23	222.86	3.42	
35414492	40.59	38.71	174.57	4.39	
35417416	40.59	42.23	223.76	3.43	
35420432	40.59	42.17	174.77	3.42	
35423376	40.59	38.81	174.44	4.34	
35426384	40.59	42.23	221.29	3.41	
35429344	40.59	38.71	173.70	4.37	
35432324	40.59	42.29	222.88	3.39	
35435296	40.59	42.22	173.07	3.39	
35438272	40.59	38.71	172.71	4.35	
35441228	40.59	42.17	221.81	3.40	
35444192	40.59	38.76	173.64	4.34	
35447168	40.59	42.28	221.30	3.38	
35450180	40.59	38.71	172.28	4.35	
35453128	40.59	42.22	222.09	3.40	
35456132	40.59	38.76	173.24	4.35	
35459068	40.59	42.23	221.60	3.40	
35462040	40.59	38.71	173.31	4.36	
35465052	40.59	41.95	222.49	3.48	
35467996	40.59	38.97	177.53	4.30	
35470972	40.59	38.76	219.12	4.38	
35473984	40.59	38.71	223.32	4.42	
35476920	40.59	42.23	225.42	3.46	
35479928	40.59	38.76	176.43	4.41	
35482896	40.59	42.22	224.86	3.46	
35485872	40.59	42.06	176.65	3.49	
35488824	40.59	38.86	177.80	4.36	
35491820	40.59	42.23	222.43	3.44	
35494768	40.59	38.76	175.56	4.39	
35497744	40.59	38.71	223.98	4.43	
35500720	40.59	38.71	226.08	4.46	
35503724	40.59	38.45	227.47	4.56	
35506664	40.59	42.57	232.55	3.43	
35509676	40.59	41.94	175.16	3.58	
35512652	40.59	38.97	182.72	4.40	
35515600	40.59	42.22	224.17	3.51	
35518576	40.59	42.29	178.88	3.47	
35521596	40.59	38.71	176.80	4.45	
35524520	40.59	42.22	226.75	3.49	
35527496	40.59	38.76	177.83	4.44	
35530504	40.59	38.71	226.20	4.47	
35533440	40.59	42.22	228.22	3.52	
35536424	40.59	38.71	179.38	4.48	
35539392	40.59	42.23	228.49	3.52	
35542400	40.59	38.76	179.51	4.47	
35545352	40.59	42.23	227.94	3.52	
35548360	40.59	42.22	179.65	3.50	
35551304	40.59	42.29	178.51	3.46	
35554268	40.59	42.22	176.42	3.45	
35557296	40.59	38.71	176.06	4.42	
35560216	40.59	42.23	225.17	3.45	
35563196	40.59	38.76	176.19	4.40	
35566168	40.59	42.22	224.62	3.46	
35569196	40.59	38.71	176.42	4.42	
35572120	40.59	42.22	225.46	3.46	
35575100	40.59	42.23	176.61	3.44	
35578104	40.59	38.50	175.34	4.46	
35581076	40.59	42.51	227.48	3.37	
35584024	40.59	42.23	171.68	3.42	
35586996	40.59	42.28	174.28	3.38	
35589996	40.59	42.23	172.34	3.37	
35592944	40.59	38.71	171.83	4.33	
35595920	40.59	42.23	221.01	3.37	
35598896	40.59	38.71	172.03	4.34	
35601880	40.59	42.22	221.20	3.38	
35604844	40.59	38.76	172.29	4.33	
35607860	40.59	38.45	220.65	4.44	
35610796	40.59	42.51	226.37	3.33	
35613820	40.59	42.00	169.94	3.45	
35616748	40.59	38.97	175.77	4.28	
35619720	40.59	42.22	218.13	3.39	
35622728	40.59	38.71	172.77	4.35	
35625684	40.59	42.28	221.80	3.38	
35628672	40.59	42.23	172.14	3.37	
35631620	40.59	38.71	171.64	4.33	
35634592	40.59	42.22	220.81	3.37	
35637572	40.59	38.76	171.90	4.32	
35640576	40.59	42.23	220.26	3.37	
35643528	40.59	38.71	171.98	4.34	
35646556	40.59	38.76	221.16	4.35	
35649476	40.59	42.23	221.81	3.40	
35652448	40.59	38.71	173.53	4.37	
35655420	40.59	38.71	222.71	4.39	
35658412	40.59	42.23	224.10	3.43	
35661380	40.59	38.65	175.11	4.41	
35664348	40.59	42.34	225.03	3.41	
35667320	40.59	38.71	173.72	4.40	
35670332	40.59	41.94	224.44	3.52	
35673304	40.59	39.02	179.55	4.32	
35676284	40.59	38.71	220.34	4.43	
35679256	40.59	42.22	225.92	3.47	
35682208	40.59	42.23	177.07	3.45	
35685172	40.59	38.76	175.80	4.40	
35688144	40.59	42.22	224.23	3.45	
35691120	40.59	38.71	176.02	4.41	
35694096	40.59	42.22	225.06	3.46	
35697068	40.59	38.76	176.22	4.40	
35700052	40.59	42.12	224.57	3.49	
35703028	40.59	38.81	177.91	4.39	
35706000	40.59	42.22	224.06	3.46	
35709008	40.59	38.76	176.57	4.41	
35711944	40.59	42.22	224.85	3.47	
35714952	40.59	38.71	176.72	4.43	
35717928	40.59	42.23	225.82	3.47	
35720920	40.59	42.00	176.82	3.51	
35723852	40.59	38.92	178.92	4.35	
35726852	40.59	38.76	221.89	4.42	
35729796	40.59	42.28	225.44	3.46	
35732804	40.59	42.23	176.42	3.45	
35735780	40.59	38.71	175.91	4.41	
35738728	40.59	42.22	225.09	3.45	
35741720	40.59	42.06	176.17	3.48	
35744668	40.59	38.92	177.33	4.34	
35747640	40.59	42.23	221.20	3.43	
35750660	40.59	38.45	175.05	4.47	
35753592	40.59	42.51	227.93	3.36	
35756604	40.59	42.29	171.43	3.40	
35759548	40.59	42.22	173.21	3.39	
35762532	40.59	42.12	172.86	3.40	
35765536	40.59	38.81	173.20	4.30	
35768476	40.59	42.29	219.35	3.35	
35771448	40.59	38.71	170.96	4.33	
35774452	40.59	41.94	220.91	3.45	
35777396	40.59	38.97	176.02	4.27	
35780372	40.59	38.76	217.55	4.35	
35783344	40.59	42.22	221.67	3.40	
35786320	40.59	38.71	173.53	4.37	
35789300	40.59	42.29	222.64	3.39	
35792296	40.59	38.71	172.84	4.37	
35795248	40.59	42.23	222.78	3.41	
35798224	40.59	38.71	173.80	4.37	
35801200	40.59	42.28	222.98	3.40	
35804176	40.59	38.71	173.25	4.38	
35807176	40.59	38.71	223.13	4.40	
35810120	40.59	42.22	224.45	3.44	
35813152	40.59	38.76	175.60	4.39	
35816068	40.59	42.23	223.97	3.45	
35819048	40.59	38.71	175.70	4.41	
35822016	40.59	42.23	224.87	3.45	
35824996	40.59	38.76	175.89	4.40	
35827976	40.59	38.71	224.32	4.44	
35830976	40.59	42.11	226.42	3.51	
35833948	40.59	38.82	179.12	4.41	
35836940	40.59	38.45	225.13	4.54	
35839864	40.59	42.57	231.70	3.42	
35842840	40.59	42.23	174.38	3.49	
35845832	40.59	42.22	177.76	3.46	
35848792	40.59	38.71	176.63	4.42	
35851768	40.59	42.28	225.66	3.45	
35854744	40.59	38.71	176.01	4.43	
35857764	40.59	41.95	225.89	3.55	
35860708	40.59	38.97	180.93	4.36	
35863696	40.59	42.11	222.53	3.51	
35866648	40.59	38.87	178.79	4.39	
35869616	40.59	42.22	224.04	3.48	
35872648	40.59	38.45	177.33	4.51	
35875568	40.59	42.57	230.14	3.39	
35878544	40.59	42.22	172.74	3.46	
35881556	40.59	41.89	176.27	3.53	
35884528	40.59	39.07	179.83	4.30	
35887468	40.59	42.23	219.16	3.43	
35890488	40.59	42.17	175.15	3.43	
35893424	40.59	38.76	174.83	4.36	
35896400	40.59	42.29	222.42	3.40	
35899368	40.59	38.71	173.33	4.38	
35902344	40.59	42.22	223.28	3.42	
35905352	40.59	38.71	174.37	4.38	
35908296	40.59	42.22	223.40	3.42	
35911268	40.59	42.29	174.55	3.38	
35914252	40.59	42.17	172.47	3.39	
35917260	40.59	38.76	172.92	4.32	
35920200	40.59	42.23	220.51	3.38	
35923176	40.59	42.28	172.23	3.34	
35926204	40.59	38.71	170.29	4.32	
35929160	40.59	42.22	220.11	3.36	
35932128	40.59	38.76	171.25	4.31	
35935100	40.59	42.23	219.61	3.36	
35938052	40.59	42.22	171.32	3.34	
35941044	40.59	38.71	170.19	4.30	
35944000	40.59	42.17	219.30	3.36	
35947000	40.59	38.81	171.12	4.28	
35949948	40.59	42.23	218.03	3.34	
35952928	40.59	38.71	170.46	4.31	
35955936	40.59	38.71	219.64	4.33	
35958876	40.59	42.29	221.03	3.36	
35961900	40.59	38.71	171.23	4.34	
35964816	40.59	42.22	221.19	3.38	
35967828	40.59	38.71	172.27	4.34	
35970772	40.59	42.29	221.38	3.36	
35973784	40.59	42.11	171.57	3.39	
35976724	40.59	38.82	172.83	4.29	
35979696	40.59	38.76	218.82	4.33	
35982700	40.59	41.94	220.95	3.47	
35985652	40.59	38.97	176.77	4.28	
35988652	40.59	38.71	218.23	4.38	
35991600	40.59	42.22	223.24	3.42	
35994568	40.59	38.76	174.33	4.37	
35997548	40.59	42.23	222.69	3.42	
36000524	40.59	38.71	174.42	4.38	
36003544	40.59	41.95	223.59	3.50	
36006476	40.59	38.97	178.63	4.32	
36009444	40.59	38.76	220.22	4.40	
36012432	40.59	42.23	224.42	3.45	
36015400	40.59	38.71	176.13	4.42	
36018376	40.59	42.28	225.31	3.44	
36021384	40.59	38.71	175.59	4.42	
36024356	40.59	42.23	225.47	3.46	
36027300	40.59	42.22	176.48	3.44	
36030268	40.59	42.29	175.35	3.40	
36033296	40.59	38.71	173.26	4.38	
36036252	40.59	41.95	223.21	3.50	
36039204	40.59	38.97	178.25	4.31	
36042168	40.59	38.76	219.86	4.39	
36045144	40.59	38.71	224.04	4.43	
36048160	40.59	41.95	226.14	3.55	
36051108	40.59	38.97	181.18	4.37	
36054100	40.59	42.05	222.78	3.53	
36057044	40.59	38.92	179.85	4.38	
36060016	40.59	42.22	223.58	3.48	
36063048	40.59	38.71	177.58	4.44	
36065972	40.59	42.29	226.69	3.47	
36068944	40.59	42.22	176.89	3.46	
36071920	40.59	42.23	176.53	3.44	
36074900	40.59	42.28	175.25	3.40	
36077912	40.59	38.71	173.32	4.38	
36080848	40.59	42.22	223.13	3.42	
36083836	40.59	42.23	174.28	3.39	
36086800	40.59	38.71	173.01	4.36	
36089772	40.59	42.28	222.18	3.38	
36092748	40.59	38.71	172.46	4.36	
36095724	40.59	42.23	222.34	3.40	
36098728	40.59	38.71	173.36	4.36	
36101676	40.59	42.29	222.53	3.39	
36104676	40.59	41.94	172.73	3.46	
36107620	40.59	38.97	176.40	4.27	
36110604	40.59	42.23	217.92	3.38	
36113576	40.59	38.76	172.49	4.33	
36116572	40.59	42.12	220.92	3.42	
36119524	40.59	38.81	174.26	4.32	
36122496	40.59	42.22	220.41	3.39	
36125520	40.59	38.76	172.91	4.34	
36128440	40.59	42.22	221.20	3.39	
36131420	40.59	38.71	173.07	4.36	
36134420	40.59	38.71	222.17	4.38	
36137400	40.59	42.00	223.56	3.49	
36140352	40.59	38.97	177.80	4.32	
36143380	40.59	38.71	220.16	4.41	
36146336	40.59	42.29	225.12	3.44	
36149308	40.59	41.94	175.31	3.51	
36152272	40.59	38.97	178.98	4.32	
36155216	40.59	42.22	220.43	3.43	
36158248	40.59	38.71	175.14	4.40	
36161172	40.59	42.29	224.25	3.42	
36164152	40.59	38.60	174.46	4.43	
36167120	40.59	42.34	225.89	3.41	
36170128	40.59	38.76	173.95	4.39	
36173072	40.59	42.22	223.78	3.44	
36176048	40.59	38.71	175.65	4.41	
36179024	40.59	42.23	224.76	3.45	
36182052	40.59	38.71	175.77	4.41	
36184972	40.59	42.29	224.95	3.43	
36187972	40.59	38.71	175.15	4.41	
36190952	40.59	42.22	225.09	3.45	
36193928	40.59	42.23	176.17	3.43	
36196868	40.59	38.76	174.89	4.38	
36199840	40.59	42.22	223.32	3.43	
36202824	40.59	38.71	175.12	4.40	
36205800	40.59	42.22	224.15	3.44	
36208824	40.59	38.76	175.31	4.39	
36211752	40.59	42.23	223.68	3.44	
36214732	40.59	42.17	175.39	3.43	
36217700	40.59	38.82	175.07	4.35	
36220668	40.59	42.22	221.84	3.42	
36223696	40.59	38.71	174.41	4.38	
36226628	40.59	42.17	223.53	3.44	
36229596	40.59	42.28	175.35	3.39	
36232604	40.59	42.00	172.64	3.44	
36235584	40.59	38.97	175.37	4.27	
36238560	40.59	42.22	217.73	3.38	
36241548	40.59	38.76	172.36	4.33	
36244468	40.59	42.22	220.65	3.38	
36247440	40.59	38.71	172.52	4.35	
36250448	40.59	38.71	221.62	4.37	
36253404	40.59	42.11	222.94	3.45	
36256380	40.59	38.86	175.71	4.33	
36259372	40.59	42.17	221.04	3.43	
36262324	40.59	38.76	174.99	4.37	
36265296	40.59	42.22	222.65	3.42	
36268304	40.59	38.76	174.44	4.37	
36271248	40.59	42.22	222.73	3.42	
36274224	40.59	42.23	174.59	3.40	
36277208	40.59	42.28	173.32	3.36	
36280168	40.59	38.71	171.38	4.34	
36283144	40.59	38.71	221.25	4.36	
36286124	40.59	38.71	222.57	4.39	
36289128	40.59	38.71	224.03	4.42	
36292080	40.59	42.28	225.42	3.45	
36295040	40.59	38.71	175.70	4.42	
36298024	40.59	42.22	225.50	3.46	
36301028	40.59	38.76	176.66	4.41	
36303976	40.59	42.23	225.02	3.47	
36306952	40.59	42.22	176.74	3.44	
36309924	40.59	42.23	175.60	3.42	
36312900	40.59	42.22	174.33	3.40	
36315920	40.59	38.50	173.20	4.42	
36318840	40.59	42.51	225.20	3.32	
36321860	40.59	38.71	169.48	4.36	
36324848	40.59	38.76	222.47	4.38	
36327768	40.59	42.23	223.13	3.43	
36330752	40.59	38.71	174.85	4.39	
36333760	40.59	42.23	224.03	3.43	
36336732	40.59	42.17	175.03	3.43	
36339668	40.59	38.81	174.71	4.34	
36342644	40.59	42.23	221.55	3.41	
36345620	40.59	38.71	173.98	4.38	
36348592	40.59	42.29	223.15	3.40	
36351624	40.59	38.71	173.35	4.38	
36354544	40.59	42.22	223.31	3.42	
36357520	40.59	38.71	174.40	4.38	
36360504	40.59	42.23	223.50	3.42	
36363524	40.59	38.76	174.51	4.37	
36366448	40.59	42.23	222.95	3.42	
36369452	40.59	38.71	174.67	4.39	
36372396	40.59	42.28	223.84	3.41	
36375424	40.59	38.71	174.11	4.39	
36378344	40.59	42.22	223.93	3.43	
36381356	40.59	38.45	175.08	4.47	
36384296	40.59	42.51	227.88	3.36	
36387268	40.59	42.28	171.31	3.40	
36390288	40.59	41.95	173.25	3.47	
36393256	40.59	38.97	176.77	4.28	
36396200	40.59	42.22	218.37	3.39	
36399212	40.59	38.76	173.01	4.34	
36402144	40.59	42.22	221.29	3.40	
36405156	40.59	42.23	173.15	3.37	
36408100	40.59	42.28	171.87	3.33	
36411068	40.59	42.23	169.93	3.32	
36414096	40.59	38.71	169.43	4.29	
36417020	40.59	42.22	218.61	3.33	
36420028	40.59	41.95	169.70	3.38	
36422976	40.59	39.02	172.45	4.18	
36425988	40.59	42.06	213.30	3.35	
36428944	40.59	38.76	171.00	4.26	
36431908	40.59	38.81	217.12	4.27	
36434868	40.59	38.76	217.72	4.31	
36437876	40.59	41.95	219.78	3.44	
36440852	40.59	38.97	175.53	4.26	
36443828	40.59	42.00	217.13	3.43	
36446780	40.59	38.87	175.00	4.29	
36449776	40.59	42.05	218.72	3.42	
36452760	40.59	38.97	174.43	4.26	
36455732	40.59	38.71	217.49	4.36	
36458696	40.59	42.06	222.44	3.45	
36461652	40.59	38.92	175.87	4.31	
36464676	40.59	38.71	219.75	4.39	
36467596	40.59	42.23	223.98	3.43	
36470572	40.59	38.76	175.00	4.38	
36473544	40.59	42.23	223.43	3.43	
36476576	40.59	38.71	175.15	4.40	
36479496	40.59	42.22	224.33	3.44	
36482468	40.59	42.29	175.42	3.40	
36485444	40.59	38.71	173.34	4.38	
36488424	40.59	42.22	223.28	3.42	
36491400	40.59	38.76	174.37	4.37	
36494408	40.59	41.94	222.66	3.50	
36497348	40.59	38.97	178.55	4.32	
36500352	40.59	42.23	220.08	3.42	
36503328	40.59	38.71	174.64	4.39	
36506276	40.59	42.29	223.82	3.41	
36509252	40.59	42.11	174.02	3.44	
36512252	40.59	38.81	175.29	4.34	
36515196	40.59	42.29	221.36	3.39	
36518184	40.59	42.22	172.98	3.38	
36521152	40.59	42.23	172.61	3.36	
36524156	40.59	38.71	171.34	4.32	
36527100	40.59	42.28	220.52	3.35	
36530096	40.59	38.71	170.79	4.33	
36533044	40.59	42.22	220.60	3.37	
36536048	40.59	42.06	171.75	3.39	
36539024	40.59	38.92	172.90	4.25	
36541976	40.59	42.22	216.78	3.35	
36544980	40.59	41.95	170.70	3.40	
36547924	40.59	38.97	173.45	4.22	
36550904	40.59	42.23	215.05	3.33	
36553872	40.59	38.76	169.62	4.28	
36556848	40.59	42.22	218.05	3.33	
36559860	40.59	38.71	169.84	4.29	
36562800	40.59	42.23	218.95	3.33	
36565800	40.59	42.11	169.96	3.34	
36568748	40.59	38.87	170.45	4.23	
36571756	40.59	41.94	215.70	3.39	
36574700	40.59	38.97	173.01	4.21	
36577704	40.59	42.23	214.54	3.32	
36580648	40.59	38.76	169.10	4.27	
36583656	40.59	42.00	217.54	3.38	
36586604	40.59	38.97	172.48	4.21	
36589576	40.59	42.22	214.84	3.32	
36592576	40.59	42.23	169.47	3.30	
36595552	40.59	38.71	168.20	4.26	
36598500	40.59	42.22	217.38	3.30	
36601476	40.59	38.76	168.47	4.25	
36604504	40.59	38.71	216.75	4.29	
36607416	40.59	42.22	218.93	3.33	
36610396	40.59	38.76	170.02	4.28	
36613396	40.59	42.22	218.31	3.34	
36616384	40.59	38.71	170.17	4.30	
36619328	40.59	38.71	219.29	4.33	
36622320	40.59	42.23	220.68	3.37	
36625272	40.59	38.76	171.69	4.32	
36628272	40.59	38.71	220.12	4.36	
36631252	40.59	42.23	222.21	3.40	
36634204	40.59	42.28	173.22	3.36	
36637224	40.59	38.71	171.28	4.34	
36640148	40.59	42.22	221.09	3.38	
36643156	40.59	41.95	172.24	3.43	
36646108	40.59	38.97	175.00	4.25	
36649124	40.59	38.50	216.60	4.40	
36652048	40.59	42.51	224.51	3.31	
36655016	40.59	38.71	168.65	4.35	
36657992	40.59	42.22	221.70	3.39	
36661000	40.59	38.76	172.78	4.34	
36663944	40.59	42.23	221.14	3.39	
36666920	40.59	38.71	172.86	4.35	
36669900	40.59	42.29	222.04	3.38	
36672868	40.59	38.71	172.24	4.36	
36675848	40.59	42.22	222.19	3.40	
36678856	40.59	38.71	173.27	4.36	
36681828	40.59	42.22	222.31	3.40	
36684772	40.59	42.29	173.46	3.36	
36687744	40.59	42.22	171.37	3.35	
36690732	40.59	42.23	171.01	3.33	
36693696	40.59	38.71	169.74	4.29	
36696668	40.59	38.76	218.92	4.31	
36699672	40.59	42.22	219.56	3.36	
36702616	40.59	38.71	171.35	4.32	
36705600	40.59	38.71	220.37	4.35	
36708604	40.59	42.22	221.83	3.39	
36711552	40.59	38.76	172.92	4.34	
36714544	40.59	42.11	221.21	3.43	
36717500	40.59	38.86	174.69	4.31	
36720468	40.59	42.23	220.01	3.40	
36723444	40.59	42.22	173.15	3.37	
36726472	40.59	41.95	172.03	3.43	
36729404	40.59	38.92	174.78	4.26	
36732404	40.59	42.34	217.13	3.32	
36735376	40.59	38.71	169.42	4.31	
36738328	40.59	42.22	220.00	3.36	
36741304	40.59	42.23	171.14	3.33	
36744328	40.59	38.76	169.87	4.28	
36747240	40.59	42.22	218.30	3.34	
36750216	40.59	38.71	170.10	4.30	
36753248	40.59	38.76	219.13	4.31	
36756168	40.59	42.22	219.86	3.37	
36759144	40.59	38.71	171.65	4.33	
36762124	40.59	42.23	220.76	3.37	
36765128	40.59	38.71	171.77	4.33	
36768072	40.59	42.29	220.95	3.36	
36771080	40.59	38.71	171.15	4.34	
36774024	40.59	42.22	221.10	3.38	
36777028	40.59	38.71	172.19	4.34	
36779972	40.59	42.28	221.23	3.36	
36782944	40.59	38.71	171.57	4.34	
36785924	40.59	42.23	221.45	3.38	
36788896	40.59	38.71	172.47	4.35	
36791920	40.59	38.65	221.64	4.39	
36794844	40.59	42.34	223.78	3.38	
36797872	40.59	38.71	172.47	4.38	
36800800	40.59	42.22	223.20	3.42	
36803812	40.59	38.76	174.28	4.36	
36806752	40.59	42.22	222.57	3.42	
36809752	40.59	42.23	174.43	3.40	
36812728	40.59	38.71	173.16	4.36	
36815668	40.59	42.28	222.34	3.38	
36818644	40.59	38.71	172.61	4.36	
36821616	40.59	42.23	222.49	3.40	
36824596	40.59	38.71	173.51	4.37	
36827572	40.59	42.29	222.68	3.39	
36830548	40.59	38.71	172.89	4.37	
36833528	40.59	42.22	222.83	3.41	
36836504	40.59	38.76	173.92	4.36	
36839472	40.59	42.22	222.21	3.41	
36842440	40.59	38.71	174.08	4.38	
36845416	40.59	42.23	223.18	3.42	
36848444	40.59	41.94	174.19	3.47	
36851372	40.59	39.02	177.09	4.27	
36854380	40.59	42.23	217.86	3.39	
36857356	40.59	41.94	173.13	3.45	
36860300	40.59	39.03	176.03	4.25	
36863272	40.59	42.22	216.73	3.38	
36866304	40.59	38.45	172.15	4.41	
36869224	40.59	42.51	224.97	3.30	
36872200	40.59	42.22	168.39	3.36	
36875204	40.59	42.00	171.15	3.39	
36878148	40.59	38.97	173.10	4.22	
36881176	40.59	41.95	215.46	3.41	
36884108	40.59	38.81	174.05	4.27	
36887076	40.59	38.92	217.90	4.27	
36890040	40.59	38.71	217.71	4.35	
36893052	40.59	41.95	221.93	3.47	
36896000	40.59	39.02	176.97	4.27	
36898984	40.59	42.17	217.82	3.41	
36901952	40.59	38.76	173.98	4.34	
36904924	40.59	42.22	221.50	3.40	
36907896	40.59	38.71	173.37	4.36	
36910868	40.59	42.29	222.47	3.39	
36913844	40.59	38.71	172.68	4.37	
36916820	40.59	42.22	222.62	3.41	
36919792	40.59	38.71	173.72	4.37	
36922772	40.59	42.28	222.75	3.39	
36925800	40.59	38.71	173.09	4.37	
36928728	40.59	42.23	222.97	3.41	
36931732	40.59	38.76	173.98	4.36	
36934672	40.59	42.23	222.41	3.41	
36937696	40.59	38.71	174.13	4.38	
36940616	40.59	42.22	223.31	3.42	
36943592	40.59	38.71	174.40	4.38	
36946568	40.59	42.29	223.51	3.41	
36949600	40.59	38.71	173.70	4.39	
36952528	40.59	42.23	223.66	3.42	
36955528	40.59	38.76	174.67	4.37	
36958472	40.59	42.22	223.10	3.43	
36961448	40.59	38.71	174.89	4.39	
36964424	40.59	42.22	223.92	3.43	
36967392	40.59	38.76	175.08	4.38	
36970380	40.59	42.12	223.44	3.47	
36973348	40.59	38.81	176.78	4.37	
36976356	40.59	38.71	222.93	4.43	
36979296	40.59	42.23	225.73	3.47	
36982308	40.59	42.00	176.74	3.51	
36985244	40.59	38.97	178.84	4.34	
36988252	40.59	42.23	221.13	3.44	
36991200	40.59	42.28	175.68	3.41	
36994208	40.59	38.71	173.75	4.38	
36997180	40.59	42.22	223.55	3.43	
37000128	40.59	42.23	174.71	3.40	
37003100	40.59	42.28	173.43	3.36	
37006120	40.59	38.71	171.48	4.34	
37009044	40.59	42.23	221.37	3.38	
37012052	40.59	38.65	172.38	4.36	
37015028	40.59	42.28	222.30	3.37	
37018024	40.59	38.50	171.86	4.40	
37020956	40.59	42.51	224.63	3.31	
37023972	40.59	38.71	168.89	4.35	
37026904	40.59	42.23	221.88	3.39	
37029916	40.59	42.11	172.89	3.40	
37032844	40.59	38.87	173.38	4.29	
37035820	40.59	42.22	218.63	3.37	
37038824	40.59	38.71	171.91	4.33	
37041772	40.59	42.29	221.02	3.36	
37044776	40.59	42.22	171.21	3.35	
37047720	40.59	38.71	170.85	4.31	
37050700	40.59	42.29	219.96	3.34	
37053672	40.59	38.71	170.16	4.32	
37056648	40.59	42.23	220.11	3.36	
37059676	40.59	38.71	171.12	4.32	
37062592	40.59	42.22	220.30	3.36	
37065572	40.59	42.29	171.39	3.32	
37068576	40.59	38.71	169.31	4.30	
37071524	40.59	42.23	219.25	3.34	
37074500	40.59	38.65	170.27	4.32	
37077500	40.59	42.05	220.19	3.39	
37080444	40.59	38.97	173.00	4.24	
37083424	40.59	38.71	216.04	4.33	
37086408	40.59	38.76	220.91	4.35	
37089428	40.59	38.71	221.63	4.39	
37092344	40.59	42.23	223.73	3.43	
37095368	40.59	38.71	174.75	4.39	
37098296	40.59	42.22	223.93	3.43	
37101268	40.59	42.29	175.01	3.39	
37104244	40.59	42.22	172.93	3.38	
37107276	40.59	38.71	172.57	4.35	
37110192	40.59	42.22	221.62	3.39	
37113172	40.59	38.76	172.78	4.34	
37116152	40.59	38.71	221.14	4.38	
37119160	40.59	41.95	223.24	3.50	
37122140	40.59	38.97	178.28	4.31	
37125100	40.59	42.00	219.89	3.48	
37128044	40.59	38.97	177.68	4.31	
37131016	40.59	42.22	220.04	3.43	
37134024	40.59	38.71	174.68	4.39	
37136972	40.59	42.28	223.71	3.41	
37139948	40.59	42.23	174.06	3.40	
37142924	40.59	42.22	173.55	3.38	
37145944	40.59	41.95	172.43	3.43	
37148876	40.59	39.02	175.18	4.24	
37151848	40.59	42.22	216.02	3.36	
37154824	40.59	38.71	171.38	4.32	
37157800	40.59	42.23	220.49	3.36	
37160772	40.59	38.76	171.50	4.31	
37163784	40.59	38.71	219.93	4.35	
37166724	40.59	42.23	222.03	3.39	
37169696	40.59	38.76	173.05	4.34	
37172668	40.59	42.23	221.48	3.40	
37175640	40.59	38.71	173.20	4.36	
37178624	40.59	42.22	222.38	3.40	
37181600	40.59	38.76	173.47	4.35	
37184608	40.59	41.95	221.83	3.48	
37187580	40.59	38.97	177.58	4.30	
37190552	40.59	42.23	219.18	3.41	
37193500	40.59	38.71	173.75	4.37	
37196476	40.59	42.22	222.92	3.41	
37199444	40.59	38.76	174.01	4.36	
37202416	40.59	42.22	222.30	3.42	
37205424	40.59	38.76	174.17	4.36	
37208384	40.59	42.23	222.53	3.42	
37211352	40.59	42.22	174.24	3.39	
37214360	40.59	41.95	173.11	3.45	
37217332	40.59	39.02	175.87	4.25	