11473820	25.48	35.30	22.20	-0.18	
11531288	25.48	22.96	-9.02	0.94	
11588596	25.48	23.38	48.15	1.12	
11646044	25.48	19.33	57.20	2.01	
11703408	25.48	13.69	102.74	3.58	
11760804	25.48	12.77	182.44	4.90	
11818244	25.48	16.04	249.66	5.00	
11875720	25.48	24.42	255.00	5.00	
11933236	25.48	32.59	255.00	3.83	
11990752	25.48	38.78	195.08	2.07	
12048296	25.48	41.13	105.62	0.36	
12105832	25.48	35.30	18.12	-0.20	
12163280	25.48	23.15	-10.44	0.88	
12220648	25.48	23.18	45.11	1.11	
12278092	25.48	19.51	56.54	1.96	
12335468	25.48	14.23	99.87	3.44	
12392820	25.48	13.15	175.47	4.73	
12450264	25.48	16.42	241.39	5.00	
12507724	25.48	24.05	255.00	5.00	
12565172	25.48	31.89	254.83	3.81	
12622696	25.48	38.06	194.24	2.13	
12680252	25.48	40.76	108.46	0.42	
12737804	25.48	35.83	21.58	-0.25	
12795264	25.48	23.52	-12.92	0.81	
12852656	25.48	24.27	41.38	0.88	
12910056	25.48	19.34	44.75	1.83	
12967408	25.48	12.59	93.42	3.58	
13024764	25.48	10.95	182.57	5.00	
13082172	25.48	14.42	255.00	5.00	
13139612	25.48	23.15	255.00	5.00	
13197084	25.48	31.88	255.00	4.33	
13254636	25.48	38.77	221.03	2.53	
13312192	25.48	41.65	129.09	0.73	
13369748	25.48	38.20	36.98	-0.29	
13427220	25.48	27.52	-14.78	0.26	
13484608	25.48	26.27	13.46	0.27	
13542028	25.48	18.96	13.94	1.43	
13599392	25.48	10.22	73.12	3.56	
13656724	25.48	7.31	181.40	5.00	
13714072	25.48	11.69	255.00	5.00	
13771508	25.48	20.98	255.00	5.00	
13828988	25.48	30.06	255.00	5.00	
13886488	25.48	36.79	255.00	3.70	
13944068	25.48	42.03	188.64	1.69	
14001616	25.48	42.73	86.12	-0.07	
14059120	25.48	36.06	-3.55	-0.64	
14116512	25.48	34.48	-32.86	-1.42	
14174008	25.48	38.07	-72.52	-2.92	
14231496	25.48	38.98	-148.94	-4.32	
14289048	25.48	34.21	-220.30	-4.85	
14346556	25.48	23.49	-247.19	-3.89	
14403988	25.48	12.03	-198.48	-1.75	
14461372	25.48	7.30	-89.38	0.38	
14518648	25.48	10.42	19.15	1.64	
14576016	25.48	9.49	83.49	3.28	
14633292	25.48	8.23	167.24	5.00	
14690660	25.48	12.23	255.00	5.00	
14748092	25.48	21.15	255.00	5.00	
14805548	25.48	30.26	255.00	4.77	
14863056	25.48	36.96	243.20	3.16	
14920592	25.48	41.50	161.06	1.25	
14978168	25.48	40.94	63.84	-0.24	
15035648	25.48	31.33	-12.24	-0.14	
15093096	25.48	30.98	-7.07	-0.66	
15150504	25.48	35.57	-33.59	-1.98	
15208012	25.48	39.71	-100.94	-3.68	
15265584	25.48	38.37	-187.68	-4.86	
15323116	25.48	30.75	-248.00	-4.85	
15380596	25.48	17.31	-247.12	-3.09	
15438008	25.48	7.11	-157.46	-0.55	
15495348	25.48	6.03	-28.22	1.44	
15552644	25.48	12.80	73.48	2.21	
15610008	25.48	16.06	112.74	2.91	
15667424	25.48	15.69	148.36	3.90	
15724868	25.48	17.86	199.00	4.50	
15782324	25.48	22.61	229.47	4.45	
15839836	25.48	28.60	226.78	3.71	
15897352	25.48	34.21	189.41	2.45	
15954896	25.48	36.94	125.05	1.12	
16012432	25.48	33.86	57.32	0.51	
16069908	25.48	25.15	26.16	1.16	
16127284	38.92	15.32	59.25	5.00	
16184636	38.92	9.68	255.00	5.00	
16241988	38.92	18.44	255.00	5.00	
16299432	38.92	25.89	255.00	5.00	
16356940	38.92	33.70	255.00	5.00	
16414480	38.92	39.86	255.00	5.00	
16472088	38.92	44.37	255.00	5.00	
16529668	38.92	47.45	255.00	5.00	
16587292	38.92	49.25	255.00	5.00	
16644892	38.92	51.27	255.00	5.00	
16702508	38.92	52.55	255.00	4.13	
16760136	38.92	53.78	210.77	2.57	
16817796	38.92	51.58	131.12	1.47	
16875452	38.92	45.06	75.00	1.32	
16932928	38.92	33.50	67.50	2.68	
16990396	38.92	23.51	136.55	4.91	
17047872	38.92	20.59	250.26	5.00	
17105320	38.92	25.33	255.00	5.00	
17162852	38.92	32.79	255.00	5.00	
17220408	38.92	38.94	255.00	5.00	
17277940	38.92	43.66	255.00	5.00	
17335548	38.92	46.56	255.00	5.00	
17393120	38.92	49.45	255.00	4.56	
17450740	38.92	50.91	232.56	3.27	
17508388	38.92	51.78	166.73	1.93	
17565988	38.92	47.60	98.52	1.37	
17623540	38.92	37.87	69.70	2.16	
17681008	38.92	28.23	110.13	3.90	
17738480	38.92	22.23	198.79	5.00	
17795956	38.92	23.87	255.00	5.00	
17853420	38.92	30.43	255.00	5.00	
17910960	38.92	37.32	255.00	5.00	
17968504	38.92	41.85	255.00	5.00	
18026096	38.92	45.47	255.00	5.00	
18083664	38.92	48.37	255.00	4.73	
18141292	38.92	50.34	241.28	3.46	
18198904	38.92	50.89	176.40	2.23	
18256556	38.92	47.79	113.93	1.57	
18314140	38.92	39.82	80.27	2.05	
18371608	38.92	29.69	104.50	3.68	
18429100	38.92	23.14	187.53	5.00	
18486576	38.92	24.78	255.00	5.00	
18544084	38.92	30.05	255.00	5.00	
18601616	38.92	36.77	255.00	5.00	
18659208	38.92	41.65	255.00	5.00	
18716792	38.92	45.47	255.00	5.00	
18774368	38.92	48.35	255.00	4.55	
18831992	38.92	50.34	232.04	3.28	
18889612	38.92	50.72	167.14	2.08	
18947220	38.92	47.62	106.13	1.44	
19004812	38.92	38.91	73.37	2.06	
19062288	38.92	28.24	104.84	3.87	
19119736	38.92	22.04	197.14	5.00	
19177188	38.92	24.79	255.00	5.00	
19234668	38.92	30.25	255.00	5.00	
19292224	38.92	36.77	255.00	5.00	
19349764	38.92	41.48	255.00	5.00	
19407360	38.92	45.30	255.00	5.00	
19464936	38.92	48.34	255.00	4.76	
19522556	38.92	50.18	242.51	3.51	
19580192	38.92	51.23	178.97	2.21	
19637832	38.92	47.79	112.90	1.58	
19695396	38.92	40.54	80.48	1.93	
19752880	38.92	29.52	98.47	3.64	
19810296	38.92	23.16	185.60	5.00	
19867752	38.92	24.43	255.00	5.00	
19925236	38.92	29.51	255.00	5.00	
19982748	38.92	36.59	255.00	5.00	
20040288	38.92	41.68	255.00	5.00	
20097868	38.92	45.65	255.00	5.00	
20155468	38.92	48.20	255.00	4.61	
20213108	38.92	50.69	234.91	3.26	
20270740	38.92	51.60	166.39	1.94	
20328344	38.92	47.61	98.98	1.36	
20385868	38.92	38.22	69.41	2.09	
20443312	38.92	27.34	106.81	4.01	
20500784	38.92	21.87	204.40	5.00	
20558248	38.92	24.60	255.00	5.00	
20615748	38.92	30.41	255.00	5.00	
20673280	38.92	36.96	255.00	5.00	
20730824	38.92	42.40	255.00	5.00	
20788424	38.92	45.83	255.00	5.00	
20846020	38.92	48.54	255.00	4.66	
20903644	38.92	51.06	237.64	3.28	
20961276	38.92	51.24	167.14	2.04	
21018908	38.92	47.79	104.20	1.41	
21076476	38.92	38.02	71.84	2.19	
21133936	38.92	28.24	111.65	3.94	
21191408	38.92	22.59	200.73	5.00	
21248852	38.92	24.42	255.00	5.00	
21306344	38.92	30.62	255.00	5.00	
21363900	38.92	37.33	255.00	5.00	
21421464	38.92	42.72	255.00	5.00	
21479020	38.92	46.03	255.00	5.00	
21536608	38.92	48.75	255.00	4.45	
21594236	38.92	50.89	227.18	3.12	
21651852	38.92	51.42	158.96	1.84	
21709456	38.92	47.08	93.88	1.34	
21766940	38.92	36.97	68.30	2.25	
21824408	38.92	26.61	114.59	4.20	
21881884	38.92	21.50	213.99	5.00	
21939352	38.92	24.24	255.00	5.00	