   0.0000000e+00   8.0000000e+00   5.9115576e+00
   1.0000000e-03   8.0000000e+00   5.9834790e+00
   2.0000000e-03   8.0000000e+00   5.9995203e+00
   3.0000000e-03   8.0000000e+00   5.8976307e+00
   4.0000000e-03   8.0000000e+00   6.0541002e+00
   5.0000000e-03   8.0000000e+00   5.9229638e+00
   6.0000000e-03   8.0000000e+00   6.1187200e+00
   7.0000000e-03   8.0000000e+00   6.0797527e+00
   8.0000000e-03   8.0000000e+00   5.9825246e+00
   9.0000000e-03   8.0000000e+00   5.9967611e+00
   1.0000000e-02   8.0000000e+00   5.9869472e+00
   1.1000000e-02   8.0000000e+00   5.9339546e+00
   1.2000000e-02   8.0000000e+00   6.1784299e+00
   1.3000000e-02   8.0000000e+00   6.1812108e+00
   1.4000000e-02   8.0000000e+00   6.0454988e+00
   1.5000000e-02   8.0000000e+00   6.0838044e+00
   1.6000000e-02   8.0000000e+00   6.2486442e+00
   1.7000000e-02   8.0000000e+00   6.0975391e+00
   1.8000000e-02   8.0000000e+00   6.0834054e+00
   1.9000000e-02   8.0000000e+00   6.0620862e+00
   2.0000000e-02   8.0000000e+00   6.0975108e+00
   2.1000000e-02   8.0000000e+00   6.1970134e+00
   2.2000000e-02   8.0000000e+00   6.0657388e+00
   2.3000000e-02   8.0000000e+00   6.0729576e+00
   2.4000000e-02   8.0000000e+00   6.1948469e+00
   2.5000000e-02   8.0000000e+00   6.2589592e+00
   2.6000000e-02   8.0000000e+00   6.1730027e+00
   2.7000000e-02   8.0000000e+00   6.2769746e+00
   2.8000000e-02   8.0000000e+00   6.1297920e+00
   2.9000000e-02   8.0000000e+00   6.2883245e+00
   3.0000000e-02   8.0000000e+00   6.2264473e+00
   3.1000000e-02   8.0000000e+00   6.1428247e+00
   3.2000000e-02   8.0000000e+00   6.1832058e+00
   3.3000000e-02   8.0000000e+00   6.1528643e+00
   3.4000000e-02   8.0000000e+00   6.2043228e+00
   3.5000000e-02   8.0000000e+00   6.2857600e+00
   3.6000000e-02   8.0000000e+00   6.3032241e+00
   3.7000000e-02   8.0000000e+00   6.2369049e+00
   3.8000000e-02   8.0000000e+00   6.3524794e+00
   3.9000000e-02   8.0000000e+00   6.3295049e+00
   4.0000000e-02   8.0000000e+00   6.3085882e+00
   4.1000000e-02   8.0000000e+00   6.2644368e+00
   4.2000000e-02   8.0000000e+00   6.2993321e+00
   4.3000000e-02   8.0000000e+00   6.2918686e+00
   4.4000000e-02   8.0000000e+00   6.2723793e+00
   4.5000000e-02   8.0000000e+00   6.3139938e+00
   4.6000000e-02   8.0000000e+00   6.3319799e+00
   4.7000000e-02   8.0000000e+00   6.4564884e+00
   4.8000000e-02   8.0000000e+00   6.4464210e+00
   4.9000000e-02   8.0000000e+00   6.2981251e+00
   5.0000000e-02   8.0000000e+00   6.2648120e+00
   5.1000000e-02   8.0000000e+00   6.4090494e+00
   5.2000000e-02   8.0000000e+00   6.4351118e+00
   5.3000000e-02   8.0000000e+00   6.3831271e+00
   5.4000000e-02   8.0000000e+00   6.4021943e+00
   5.5000000e-02   8.0000000e+00   6.3804744e+00
   5.6000000e-02   8.0000000e+00   6.4750971e+00
   5.7000000e-02   8.0000000e+00   6.2771846e+00
   5.8000000e-02   8.0000000e+00   6.3186398e+00
   5.9000000e-02   8.0000000e+00   6.5258378e+00
   6.0000000e-02   8.0000000e+00   6.4354374e+00
   6.1000000e-02   8.0000000e+00   6.4432478e+00
   6.2000000e-02   8.0000000e+00   6.3935186e+00
   6.3000000e-02   8.0000000e+00   6.4642571e+00
   6.4000000e-02   8.0000000e+00   6.3614860e+00
   6.5000000e-02   8.0000000e+00   6.4177973e+00
   6.6000000e-02   8.0000000e+00   6.4190574e+00
   6.7000000e-02   8.0000000e+00   6.4804139e+00
   6.8000000e-02   8.0000000e+00   6.4523087e+00
   6.9000000e-02   8.0000000e+00   6.4329857e+00
   7.0000000e-02   8.0000000e+00   6.3937225e+00
   7.1000000e-02   8.0000000e+00   6.6397938e+00
   7.2000000e-02   8.0000000e+00   6.5585569e+00
   7.3000000e-02   8.0000000e+00   6.5505312e+00
   7.4000000e-02   8.0000000e+00   6.5492040e+00
   7.5000000e-02   8.0000000e+00   6.5387326e+00
   7.6000000e-02   8.0000000e+00   6.5465533e+00
   7.7000000e-02   8.0000000e+00   6.4770434e+00
   7.8000000e-02   8.0000000e+00   6.4447098e+00
   7.9000000e-02   8.0000000e+00   6.5939897e+00
   8.0000000e-02   8.0000000e+00   6.5952196e+00
   8.1000000e-02   8.0000000e+00   6.5420166e+00
   8.2000000e-02   8.0000000e+00   6.5001551e+00
   8.3000000e-02   8.0000000e+00   6.5221845e+00
   8.4000000e-02   8.0000000e+00   6.6155901e+00
   8.5000000e-02   8.0000000e+00   6.5811063e+00
   8.6000000e-02   8.0000000e+00   6.6453995e+00
   8.7000000e-02   8.0000000e+00   6.6972719e+00
   8.8000000e-02   8.0000000e+00   6.5509416e+00
   8.9000000e-02   8.0000000e+00   6.6367828e+00
   9.0000000e-02   8.0000000e+00   6.6711028e+00
   9.1000000e-02   8.0000000e+00   6.6103134e+00
   9.2000000e-02   8.0000000e+00   6.6711825e+00
   9.3000000e-02   8.0000000e+00   6.7638715e+00
   9.4000000e-02   8.0000000e+00   6.6488576e+00
   9.5000000e-02   8.0000000e+00   6.6484719e+00
   9.6000000e-02   8.0000000e+00   6.9084769e+00
   9.7000000e-02   8.0000000e+00   6.5322741e+00
   9.8000000e-02   8.0000000e+00   6.5945316e+00
   9.9000000e-02   8.0000000e+00   6.6273211e+00
   1.0000000e-01   8.0000000e+00   6.7471448e+00
   1.0100000e-01   8.0000000e+00   6.6370999e+00
   1.0200000e-01   8.0000000e+00   6.7018317e+00
   1.0300000e-01   8.0000000e+00   6.7734831e+00
   1.0400000e-01   8.0000000e+00   6.7357194e+00
   1.0500000e-01   8.0000000e+00   6.6868544e+00
   1.0600000e-01   8.0000000e+00   6.8179397e+00
   1.0700000e-01   8.0000000e+00   6.6475749e+00
   1.0800000e-01   8.0000000e+00   6.7134625e+00
   1.0900000e-01   8.0000000e+00   6.7605973e+00
   1.1000000e-01   8.0000000e+00   6.7274995e+00
   1.1100000e-01   8.0000000e+00   6.7137739e+00
   1.1200000e-01   8.0000000e+00   6.7952786e+00
   1.1300000e-01   8.0000000e+00   6.7400892e+00
   1.1400000e-01   8.0000000e+00   6.7320214e+00
   1.1500000e-01   8.0000000e+00   6.8259175e+00
   1.1600000e-01   8.0000000e+00   6.7545710e+00
   1.1700000e-01   8.0000000e+00   6.8651849e+00
   1.1800000e-01   8.0000000e+00   6.7763258e+00
   1.1900000e-01   8.0000000e+00   6.8464067e+00
   1.2000000e-01   8.0000000e+00   6.8352237e+00
   1.2100000e-01   8.0000000e+00   6.7809260e+00
   1.2200000e-01   8.0000000e+00   6.7984148e+00
   1.2300000e-01   8.0000000e+00   6.8337205e+00
   1.2400000e-01   8.0000000e+00   6.7921594e+00
   1.2500000e-01   8.0000000e+00   6.7326911e+00
   1.2600000e-01   8.0000000e+00   6.8153766e+00
   1.2700000e-01   8.0000000e+00   6.7387892e+00
   1.2800000e-01   8.0000000e+00   6.7770295e+00
   1.2900000e-01   8.0000000e+00   6.7999012e+00
   1.3000000e-01   8.0000000e+00   6.8341873e+00
   1.3100000e-01   8.0000000e+00   6.8157802e+00
   1.3200000e-01   8.0000000e+00   6.8049212e+00
   1.3300000e-01   8.0000000e+00   6.9001603e+00
   1.3400000e-01   8.0000000e+00   6.7859604e+00
   1.3500000e-01   8.0000000e+00   6.9141338e+00
   1.3600000e-01   8.0000000e+00   6.9332486e+00
   1.3700000e-01   8.0000000e+00   6.8495399e+00
   1.3800000e-01   8.0000000e+00   6.8104533e+00
   1.3900000e-01   8.0000000e+00   6.9225259e+00
   1.4000000e-01   8.0000000e+00   7.0457834e+00
   1.4100000e-01   8.0000000e+00   6.8954756e+00
   1.4200000e-01   8.0000000e+00   6.7835025e+00
   1.4300000e-01   8.0000000e+00   6.7902294e+00
   1.4400000e-01   8.0000000e+00   6.8718112e+00
   1.4500000e-01   8.0000000e+00   6.9096500e+00
   1.4600000e-01   8.0000000e+00   6.7589494e+00
   1.4700000e-01   8.0000000e+00   6.8147224e+00
   1.4800000e-01   8.0000000e+00   7.0107633e+00
   1.4900000e-01   8.0000000e+00   7.0720226e+00
   1.5000000e-01   8.0000000e+00   6.9788206e+00
   1.5100000e-01   8.0000000e+00   6.9115406e+00
   1.5200000e-01   8.0000000e+00   6.9122889e+00
   1.5300000e-01   8.0000000e+00   6.9131719e+00
   1.5400000e-01   8.0000000e+00   6.9717082e+00
   1.5500000e-01   8.0000000e+00   6.9001058e+00
   1.5600000e-01   8.0000000e+00   6.9668978e+00
   1.5700000e-01   8.0000000e+00   7.0197534e+00
   1.5800000e-01   8.0000000e+00   6.9753286e+00
   1.5900000e-01   8.0000000e+00   6.9839639e+00
   1.6000000e-01   8.0000000e+00   6.8798174e+00
   1.6100000e-01   8.0000000e+00   7.0593671e+00
   1.6200000e-01   8.0000000e+00   7.0823067e+00
   1.6300000e-01   8.0000000e+00   7.0568617e+00
   1.6400000e-01   8.0000000e+00   7.0212256e+00
   1.6500000e-01   8.0000000e+00   7.0519434e+00
   1.6600000e-01   8.0000000e+00   7.1377284e+00
   1.6700000e-01   8.0000000e+00   6.8801299e+00
   1.6800000e-01   8.0000000e+00   7.0747954e+00
   1.6900000e-01   8.0000000e+00   6.9318585e+00
   1.7000000e-01   8.0000000e+00   6.9970563e+00
   1.7100000e-01   8.0000000e+00   7.0031291e+00
   1.7200000e-01   8.0000000e+00   7.0259265e+00
   1.7300000e-01   8.0000000e+00   6.9293419e+00
   1.7400000e-01   8.0000000e+00   6.9652580e+00
   1.7500000e-01   8.0000000e+00   6.9309199e+00
   1.7600000e-01   8.0000000e+00   7.1054492e+00
   1.7700000e-01   8.0000000e+00   6.8836463e+00
   1.7800000e-01   8.0000000e+00   7.0290132e+00
   1.7900000e-01   8.0000000e+00   7.0828777e+00
   1.8000000e-01   8.0000000e+00   7.0018880e+00
   1.8100000e-01   8.0000000e+00   7.1411171e+00
   1.8200000e-01   8.0000000e+00   7.0470600e+00
   1.8300000e-01   8.0000000e+00   7.0228239e+00
   1.8400000e-01   8.0000000e+00   7.0422555e+00
   1.8500000e-01   8.0000000e+00   7.1688497e+00
   1.8600000e-01   8.0000000e+00   7.1637073e+00
   1.8700000e-01   8.0000000e+00   6.9791065e+00
   1.8800000e-01   8.0000000e+00   7.1158167e+00
   1.8900000e-01   8.0000000e+00   7.1484301e+00
   1.9000000e-01   8.0000000e+00   7.1883441e+00
   1.9100000e-01   8.0000000e+00   7.1280056e+00
   1.9200000e-01   8.0000000e+00   7.1225447e+00
   1.9300000e-01   8.0000000e+00   7.1475367e+00
   1.9400000e-01   8.0000000e+00   7.0868734e+00
   1.9500000e-01   8.0000000e+00   7.1445789e+00
   1.9600000e-01   8.0000000e+00   7.0055606e+00
   1.9700000e-01   8.0000000e+00   7.1244027e+00
   1.9800000e-01   8.0000000e+00   7.1571840e+00
   1.9900000e-01   8.0000000e+00   7.0956972e+00
   2.0000000e-01   8.0000000e+00   7.0785950e+00
   2.0100000e-01   8.0000000e+00   7.1798554e+00
   2.0200000e-01   8.0000000e+00   7.2183489e+00
   2.0300000e-01   8.0000000e+00   7.1778529e+00
   2.0400000e-01   8.0000000e+00   7.0821980e+00
   2.0500000e-01   8.0000000e+00   7.2597366e+00
   2.0600000e-01   8.0000000e+00   7.1367974e+00
   2.0700000e-01   8.0000000e+00   7.1183633e+00
   2.0800000e-01   8.0000000e+00   7.1630684e+00
   2.0900000e-01   8.0000000e+00   7.2659977e+00
   2.1000000e-01   8.0000000e+00   7.1764925e+00
   2.1100000e-01   8.0000000e+00   7.3642776e+00
   2.1200000e-01   8.0000000e+00   7.1455488e+00
   2.1300000e-01   8.0000000e+00   7.1922487e+00
   2.1400000e-01   8.0000000e+00   7.1151976e+00
   2.1500000e-01   8.0000000e+00   7.1095960e+00
   2.1600000e-01   8.0000000e+00   7.1963070e+00
   2.1700000e-01   8.0000000e+00   7.2495658e+00
   2.1800000e-01   8.0000000e+00   7.0570509e+00
   2.1900000e-01   8.0000000e+00   7.1401665e+00
   2.2000000e-01   8.0000000e+00   7.1685993e+00
   2.2100000e-01   8.0000000e+00   7.3162321e+00
   2.2200000e-01   8.0000000e+00   7.1807734e+00
   2.2300000e-01   8.0000000e+00   7.1785888e+00
   2.2400000e-01   8.0000000e+00   7.2148378e+00
   2.2500000e-01   8.0000000e+00   7.1211704e+00
   2.2600000e-01   8.0000000e+00   7.2274198e+00
   2.2700000e-01   8.0000000e+00   7.2843456e+00
   2.2800000e-01   8.0000000e+00   7.1868068e+00
   2.2900000e-01   8.0000000e+00   7.1651179e+00
   2.3000000e-01   8.0000000e+00   7.2081739e+00
   2.3100000e-01   8.0000000e+00   7.3078597e+00
   2.3200000e-01   8.0000000e+00   7.1002535e+00
   2.3300000e-01   8.0000000e+00   7.2090292e+00
   2.3400000e-01   8.0000000e+00   7.2916939e+00
   2.3500000e-01   8.0000000e+00   7.2465265e+00
   2.3600000e-01   8.0000000e+00   7.2904944e+00
   2.3700000e-01   8.0000000e+00   7.1693546e+00
   2.3800000e-01   8.0000000e+00   7.2473959e+00
   2.3900000e-01   8.0000000e+00   7.2761798e+00
   2.4000000e-01   8.0000000e+00   7.1001635e+00
   2.4100000e-01   8.0000000e+00   7.4063887e+00
   2.4200000e-01   8.0000000e+00   7.2801339e+00
   2.4300000e-01   8.0000000e+00   7.2303502e+00
   2.4400000e-01   8.0000000e+00   7.4004194e+00
   2.4500000e-01   8.0000000e+00   7.3056034e+00
   2.4600000e-01   8.0000000e+00   7.2712344e+00
   2.4700000e-01   8.0000000e+00   7.3385050e+00
   2.4800000e-01   8.0000000e+00   7.2295272e+00
   2.4900000e-01   8.0000000e+00   7.3890346e+00
   2.5000000e-01   8.0000000e+00   7.4330424e+00
   2.5100000e-01   8.0000000e+00   7.2939788e+00
   2.5200000e-01   8.0000000e+00   7.4067678e+00
   2.5300000e-01   8.0000000e+00   7.3135426e+00
   2.5400000e-01   8.0000000e+00   7.2644663e+00
   2.5500000e-01   8.0000000e+00   7.3037653e+00
   2.5600000e-01   8.0000000e+00   7.3943292e+00
   2.5700000e-01   8.0000000e+00   7.4326659e+00
   2.5800000e-01   8.0000000e+00   7.4241870e+00
   2.5900000e-01   8.0000000e+00   7.1988905e+00
   2.6000000e-01   8.0000000e+00   7.4015156e+00
   2.6100000e-01   8.0000000e+00   7.3760456e+00
   2.6200000e-01   8.0000000e+00   7.3721280e+00
   2.6300000e-01   8.0000000e+00   7.3071166e+00
   2.6400000e-01   8.0000000e+00   7.2376376e+00
   2.6500000e-01   8.0000000e+00   7.3531175e+00
   2.6600000e-01   8.0000000e+00   7.3510875e+00
   2.6700000e-01   8.0000000e+00   7.4657831e+00
   2.6800000e-01   8.0000000e+00   7.3901285e+00
   2.6900000e-01   8.0000000e+00   7.3627588e+00
   2.7000000e-01   8.0000000e+00   7.3146248e+00
   2.7100000e-01   8.0000000e+00   7.3884300e+00
   2.7200000e-01   8.0000000e+00   7.3333998e+00
   2.7300000e-01   8.0000000e+00   7.4387713e+00
   2.7400000e-01   8.0000000e+00   7.2717590e+00
   2.7500000e-01   8.0000000e+00   7.3535043e+00
   2.7600000e-01   8.0000000e+00   7.4320587e+00
   2.7700000e-01   8.0000000e+00   7.3531745e+00
   2.7800000e-01   8.0000000e+00   7.3409734e+00
   2.7900000e-01   8.0000000e+00   7.3365620e+00
   2.8000000e-01   8.0000000e+00   7.3770392e+00
   2.8100000e-01   8.0000000e+00   7.2776180e+00
   2.8200000e-01   8.0000000e+00   7.4804015e+00
   2.8300000e-01   8.0000000e+00   7.4377185e+00
   2.8400000e-01   8.0000000e+00   7.4535477e+00
   2.8500000e-01   8.0000000e+00   7.3675080e+00
   2.8600000e-01   8.0000000e+00   7.3426684e+00
   2.8700000e-01   8.0000000e+00   7.3938445e+00
   2.8800000e-01   8.0000000e+00   7.4759693e+00
   2.8900000e-01   8.0000000e+00   7.4245477e+00
   2.9000000e-01   8.0000000e+00   7.4324066e+00
   2.9100000e-01   8.0000000e+00   7.4418435e+00
   2.9200000e-01   8.0000000e+00   7.3566903e+00
   2.9300000e-01   8.0000000e+00   7.3321676e+00
   2.9400000e-01   8.0000000e+00   7.3597591e+00
   2.9500000e-01   8.0000000e+00   7.3903277e+00
   2.9600000e-01   8.0000000e+00   7.4667659e+00
   2.9700000e-01   8.0000000e+00   7.3526028e+00
   2.9800000e-01   8.0000000e+00   7.4094508e+00
   2.9900000e-01   8.0000000e+00   7.6098726e+00
   3.0000000e-01   8.0000000e+00   7.3529933e+00
   3.0100000e-01   8.0000000e+00   7.4759533e+00
   3.0200000e-01   8.0000000e+00   7.4142149e+00
   3.0300000e-01   8.0000000e+00   7.4124487e+00
   3.0400000e-01   8.0000000e+00   7.4814836e+00
   3.0500000e-01   8.0000000e+00   7.4252328e+00
   3.0600000e-01   8.0000000e+00   7.4101185e+00
   3.0700000e-01   8.0000000e+00   7.4583884e+00
   3.0800000e-01   8.0000000e+00   7.4476741e+00
   3.0900000e-01   8.0000000e+00   7.4496842e+00
   3.1000000e-01   8.0000000e+00   7.5597259e+00
   3.1100000e-01   8.0000000e+00   7.4643729e+00
   3.1200000e-01   8.0000000e+00   7.4480791e+00
   3.1300000e-01   8.0000000e+00   7.2680240e+00
   3.1400000e-01   8.0000000e+00   7.5596034e+00
   3.1500000e-01   8.0000000e+00   7.4678354e+00
   3.1600000e-01   8.0000000e+00   7.4999818e+00
   3.1700000e-01   8.0000000e+00   7.5014244e+00
   3.1800000e-01   8.0000000e+00   7.5644319e+00
   3.1900000e-01   8.0000000e+00   7.5382756e+00
   3.2000000e-01   8.0000000e+00   7.5230637e+00
   3.2100000e-01   8.0000000e+00   7.5231599e+00
   3.2200000e-01   8.0000000e+00   7.5576480e+00
   3.2300000e-01   8.0000000e+00   7.5109354e+00
   3.2400000e-01   8.0000000e+00   7.5304957e+00
   3.2500000e-01   8.0000000e+00   7.4548803e+00
   3.2600000e-01   8.0000000e+00   7.5456998e+00
   3.2700000e-01   8.0000000e+00   7.5887014e+00
   3.2800000e-01   8.0000000e+00   7.3875284e+00
   3.2900000e-01   8.0000000e+00   7.4779508e+00
   3.3000000e-01   8.0000000e+00   7.3797528e+00
   3.3100000e-01   8.0000000e+00   7.3842828e+00
   3.3200000e-01   8.0000000e+00   7.4015062e+00
   3.3300000e-01   8.0000000e+00   7.5591782e+00
   3.3400000e-01   8.0000000e+00   7.4328550e+00
   3.3500000e-01   8.0000000e+00   7.5430947e+00
   3.3600000e-01   8.0000000e+00   7.5667981e+00
   3.3700000e-01   8.0000000e+00   7.4224475e+00
   3.3800000e-01   8.0000000e+00   7.4679709e+00
   3.3900000e-01   8.0000000e+00   7.5687999e+00
   3.4000000e-01   8.0000000e+00   7.5550368e+00
   3.4100000e-01   8.0000000e+00   7.5061446e+00
   3.4200000e-01   8.0000000e+00   7.4615701e+00
   3.4300000e-01   8.0000000e+00   7.4790480e+00
   3.4400000e-01   8.0000000e+00   7.5155242e+00
   3.4500000e-01   8.0000000e+00   7.5652402e+00
   3.4600000e-01   8.0000000e+00   7.5479748e+00
   3.4700000e-01   8.0000000e+00   7.6095543e+00
   3.4800000e-01   8.0000000e+00   7.6037056e+00
   3.4900000e-01   8.0000000e+00   7.5055539e+00
   3.5000000e-01   8.0000000e+00   7.4831974e+00
   3.5100000e-01   8.0000000e+00   7.4855715e+00
   3.5200000e-01   8.0000000e+00   7.5914295e+00
   3.5300000e-01   8.0000000e+00   7.5825302e+00
   3.5400000e-01   8.0000000e+00   7.3746798e+00
   3.5500000e-01   8.0000000e+00   7.5415064e+00
   3.5600000e-01   8.0000000e+00   7.5353581e+00
   3.5700000e-01   8.0000000e+00   7.5489275e+00
   3.5800000e-01   8.0000000e+00   7.5084094e+00
   3.5900000e-01   8.0000000e+00   7.5729675e+00
   3.6000000e-01   8.0000000e+00   7.5655842e+00
   3.6100000e-01   8.0000000e+00   7.5481731e+00
   3.6200000e-01   8.0000000e+00   7.6680805e+00
   3.6300000e-01   8.0000000e+00   7.5333379e+00
   3.6400000e-01   8.0000000e+00   7.6054466e+00
   3.6500000e-01   8.0000000e+00   7.6111485e+00
   3.6600000e-01   8.0000000e+00   7.3716711e+00
   3.6700000e-01   8.0000000e+00   7.5568807e+00
   3.6800000e-01   8.0000000e+00   7.4869587e+00
   3.6900000e-01   8.0000000e+00   7.5492467e+00
   3.7000000e-01   8.0000000e+00   7.5172184e+00
   3.7100000e-01   8.0000000e+00   7.6415494e+00
   3.7200000e-01   8.0000000e+00   7.5037251e+00
   3.7300000e-01   8.0000000e+00   7.4730244e+00
   3.7400000e-01   8.0000000e+00   7.6696103e+00
   3.7500000e-01   8.0000000e+00   7.5688365e+00
   3.7600000e-01   8.0000000e+00   7.6919556e+00
   3.7700000e-01   8.0000000e+00   7.6402113e+00
   3.7800000e-01   8.0000000e+00   7.4449025e+00
   3.7900000e-01   8.0000000e+00   7.6324886e+00
   3.8000000e-01   8.0000000e+00   7.6676730e+00
   3.8100000e-01   8.0000000e+00   7.6095804e+00
   3.8200000e-01   8.0000000e+00   7.4895346e+00
   3.8300000e-01   8.0000000e+00   7.7534043e+00
   3.8400000e-01   8.0000000e+00   7.5749535e+00
   3.8500000e-01   8.0000000e+00   7.4944837e+00
   3.8600000e-01   8.0000000e+00   7.6257932e+00
   3.8700000e-01   8.0000000e+00   7.5232141e+00
   3.8800000e-01   8.0000000e+00   7.6179393e+00
   3.8900000e-01   8.0000000e+00   7.5680182e+00
   3.9000000e-01   8.0000000e+00   7.6305263e+00
   3.9100000e-01   8.0000000e+00   7.5690070e+00
   3.9200000e-01   8.0000000e+00   7.6891155e+00
   3.9300000e-01   8.0000000e+00   7.6895337e+00
   3.9400000e-01   8.0000000e+00   7.5488866e+00
   3.9500000e-01   8.0000000e+00   7.6888964e+00
   3.9600000e-01   8.0000000e+00   7.6050604e+00
   3.9700000e-01   8.0000000e+00   7.6257187e+00
   3.9800000e-01   8.0000000e+00   7.5225517e+00
   3.9900000e-01   8.0000000e+00   7.6048383e+00
   4.0000000e-01   8.0000000e+00   7.5736742e+00
   4.0100000e-01   8.0000000e+00   7.7140226e+00
   4.0200000e-01   8.0000000e+00   7.6966721e+00
   4.0300000e-01   8.0000000e+00   7.5748802e+00
   4.0400000e-01   8.0000000e+00   7.5649620e+00
   4.0500000e-01   8.0000000e+00   7.6547790e+00
   4.0600000e-01   8.0000000e+00   7.6506218e+00
   4.0700000e-01   8.0000000e+00   7.6354052e+00
   4.0800000e-01   8.0000000e+00   7.5267613e+00
   4.0900000e-01   8.0000000e+00   7.5471406e+00
   4.1000000e-01   8.0000000e+00   7.7389137e+00
   4.1100000e-01   8.0000000e+00   7.5271442e+00
   4.1200000e-01   8.0000000e+00   7.4277540e+00
   4.1300000e-01   8.0000000e+00   7.6176061e+00
   4.1400000e-01   8.0000000e+00   7.7915396e+00
   4.1500000e-01   8.0000000e+00   7.5786531e+00
   4.1600000e-01   8.0000000e+00   7.5488809e+00
   4.1700000e-01   8.0000000e+00   7.6765176e+00
   4.1800000e-01   8.0000000e+00   7.7510900e+00
   4.1900000e-01   8.0000000e+00   7.5104748e+00
   4.2000000e-01   8.0000000e+00   7.6216686e+00
   4.2100000e-01   8.0000000e+00   7.6405775e+00
   4.2200000e-01   8.0000000e+00   7.6812967e+00
   4.2300000e-01   8.0000000e+00   7.8233229e+00
   4.2400000e-01   8.0000000e+00   7.6864022e+00
   4.2500000e-01   8.0000000e+00   7.5586469e+00
   4.2600000e-01   8.0000000e+00   7.6706873e+00
   4.2700000e-01   8.0000000e+00   7.6796704e+00
   4.2800000e-01   8.0000000e+00   7.6857352e+00
   4.2900000e-01   8.0000000e+00   7.5646318e+00
   4.3000000e-01   8.0000000e+00   7.6916168e+00
   4.3100000e-01   8.0000000e+00   7.7080239e+00
   4.3200000e-01   8.0000000e+00   7.7482599e+00
   4.3300000e-01   8.0000000e+00   7.6094242e+00
   4.3400000e-01   8.0000000e+00   7.6024928e+00
   4.3500000e-01   8.0000000e+00   7.6546422e+00
   4.3600000e-01   8.0000000e+00   7.7511544e+00
   4.3700000e-01   8.0000000e+00   7.6067324e+00
   4.3800000e-01   8.0000000e+00   7.7813588e+00
   4.3900000e-01   8.0000000e+00   7.7146804e+00
   4.4000000e-01   8.0000000e+00   7.5998994e+00
   4.4100000e-01   8.0000000e+00   7.7015294e+00
   4.4200000e-01   8.0000000e+00   7.7415581e+00
   4.4300000e-01   8.0000000e+00   7.7142398e+00
   4.4400000e-01   8.0000000e+00   7.6038407e+00
   4.4500000e-01   8.0000000e+00   7.6675136e+00
   4.4600000e-01   8.0000000e+00   7.6005224e+00
   4.4700000e-01   8.0000000e+00   7.8539012e+00
   4.4800000e-01   8.0000000e+00   7.7353034e+00
   4.4900000e-01   8.0000000e+00   7.8318302e+00
   4.5000000e-01   8.0000000e+00   7.6593012e+00
   4.5100000e-01   8.0000000e+00   7.4850186e+00
   4.5200000e-01   8.0000000e+00   7.7278483e+00
   4.5300000e-01   8.0000000e+00   7.7345385e+00
   4.5400000e-01   8.0000000e+00   7.7311175e+00
   4.5500000e-01   8.0000000e+00   7.6533196e+00
   4.5600000e-01   8.0000000e+00   7.7293507e+00
   4.5700000e-01   8.0000000e+00   7.6299008e+00
   4.5800000e-01   8.0000000e+00   7.6899568e+00
   4.5900000e-01   8.0000000e+00   7.7982980e+00
   4.6000000e-01   8.0000000e+00   7.7752727e+00
   4.6100000e-01   8.0000000e+00   7.7620869e+00
   4.6200000e-01   8.0000000e+00   7.7156169e+00
   4.6300000e-01   8.0000000e+00   7.6522900e+00
   4.6400000e-01   8.0000000e+00   7.7346933e+00
   4.6500000e-01   8.0000000e+00   7.7736887e+00
   4.6600000e-01   8.0000000e+00   7.6290608e+00
   4.6700000e-01   8.0000000e+00   7.7388434e+00
   4.6800000e-01   8.0000000e+00   7.5991785e+00
   4.6900000e-01   8.0000000e+00   7.5997128e+00
   4.7000000e-01   8.0000000e+00   7.7090333e+00
   4.7100000e-01   8.0000000e+00   7.7328176e+00
   4.7200000e-01   8.0000000e+00   7.7347102e+00
   4.7300000e-01   8.0000000e+00   7.7232469e+00
   4.7400000e-01   8.0000000e+00   7.5993022e+00
   4.7500000e-01   8.0000000e+00   7.7647230e+00
   4.7600000e-01   8.0000000e+00   7.7375952e+00
   4.7700000e-01   8.0000000e+00   7.7296269e+00
   4.7800000e-01   8.0000000e+00   7.7304256e+00
   4.7900000e-01   8.0000000e+00   7.5696889e+00
   4.8000000e-01   8.0000000e+00   7.7512517e+00
   4.8100000e-01   8.0000000e+00   7.7327724e+00
   4.8200000e-01   8.0000000e+00   7.6609045e+00
   4.8300000e-01   8.0000000e+00   7.7254331e+00
   4.8400000e-01   8.0000000e+00   7.7447442e+00
   4.8500000e-01   8.0000000e+00   7.8448666e+00
   4.8600000e-01   8.0000000e+00   7.7283336e+00
   4.8700000e-01   8.0000000e+00   7.6641347e+00
   4.8800000e-01   8.0000000e+00   7.6786678e+00
   4.8900000e-01   8.0000000e+00   7.6918452e+00
   4.9000000e-01   8.0000000e+00   7.6384165e+00
   4.9100000e-01   8.0000000e+00   7.7101367e+00
   4.9200000e-01   8.0000000e+00   7.6196364e+00
   4.9300000e-01   8.0000000e+00   7.7864887e+00
   4.9400000e-01   8.0000000e+00   7.7344283e+00
   4.9500000e-01   8.0000000e+00   7.6238563e+00
   4.9600000e-01   8.0000000e+00   7.7181306e+00
   4.9700000e-01   8.0000000e+00   7.7661226e+00
   4.9800000e-01   8.0000000e+00   7.6871002e+00
   4.9900000e-01   8.0000000e+00   7.8730374e+00
   5.0000000e-01   8.0000000e+00   7.8783137e+00
   5.0100000e-01   8.0000000e+00   7.7907954e+00
   5.0200000e-01   8.0000000e+00   7.7640713e+00
   5.0300000e-01   8.0000000e+00   7.8114227e+00
   5.0400000e-01   8.0000000e+00   7.8225892e+00
   5.0500000e-01   8.0000000e+00   7.7755674e+00
   5.0600000e-01   8.0000000e+00   7.7820232e+00
   5.0700000e-01   8.0000000e+00   7.8413442e+00
   5.0800000e-01   8.0000000e+00   7.5899183e+00
   5.0900000e-01   8.0000000e+00   7.7686290e+00
   5.1000000e-01   8.0000000e+00   7.6951335e+00
   5.1100000e-01   8.0000000e+00   7.8066490e+00
   5.1200000e-01   8.0000000e+00   7.6700753e+00
   5.1300000e-01   8.0000000e+00   7.6722933e+00
   5.1400000e-01   8.0000000e+00   7.6498623e+00
   5.1500000e-01   8.0000000e+00   7.7494981e+00
   5.1600000e-01   8.0000000e+00   7.7548734e+00
   5.1700000e-01   8.0000000e+00   7.7826489e+00
   5.1800000e-01   8.0000000e+00   7.8139408e+00
   5.1900000e-01   8.0000000e+00   7.6171782e+00
   5.2000000e-01   8.0000000e+00   7.7730295e+00
   5.2100000e-01   8.0000000e+00   7.9056143e+00
   5.2200000e-01   8.0000000e+00   7.8384765e+00
   5.2300000e-01   8.0000000e+00   7.8249226e+00
   5.2400000e-01   8.0000000e+00   7.9028774e+00
   5.2500000e-01   8.0000000e+00   7.7299967e+00
   5.2600000e-01   8.0000000e+00   7.7955054e+00
   5.2700000e-01   8.0000000e+00   7.7890106e+00
   5.2800000e-01   8.0000000e+00   7.7636618e+00
   5.2900000e-01   8.0000000e+00   7.7174065e+00
   5.3000000e-01   8.0000000e+00   7.6797731e+00
   5.3100000e-01   8.0000000e+00   7.7213219e+00
   5.3200000e-01   8.0000000e+00   7.7436284e+00
   5.3300000e-01   8.0000000e+00   7.7891684e+00
   5.3400000e-01   8.0000000e+00   7.7654457e+00
   5.3500000e-01   8.0000000e+00   7.9126613e+00
   5.3600000e-01   8.0000000e+00   7.7510708e+00
   5.3700000e-01   8.0000000e+00   7.7689933e+00
   5.3800000e-01   8.0000000e+00   7.5901232e+00
   5.3900000e-01   8.0000000e+00   7.8521779e+00
   5.4000000e-01   8.0000000e+00   7.7902094e+00
   5.4100000e-01   8.0000000e+00   7.7626031e+00
   5.4200000e-01   8.0000000e+00   7.6987581e+00
   5.4300000e-01   8.0000000e+00   7.6236124e+00
   5.4400000e-01   8.0000000e+00   7.8005515e+00
   5.4500000e-01   8.0000000e+00   7.8832566e+00
   5.4600000e-01   8.0000000e+00   7.7980789e+00
   5.4700000e-01   8.0000000e+00   7.8939169e+00
   5.4800000e-01   8.0000000e+00   7.8668467e+00
   5.4900000e-01   8.0000000e+00   7.7027710e+00
   5.5000000e-01   8.0000000e+00   7.8777936e+00
   5.5100000e-01   8.0000000e+00   7.8779073e+00
   5.5200000e-01   8.0000000e+00   7.8347324e+00
   5.5300000e-01   8.0000000e+00   7.9190081e+00
   5.5400000e-01   8.0000000e+00   7.9363654e+00
   5.5500000e-01   8.0000000e+00   7.7958492e+00
   5.5600000e-01   8.0000000e+00   7.9419380e+00
   5.5700000e-01   8.0000000e+00   7.7727627e+00
   5.5800000e-01   8.0000000e+00   7.8315584e+00
   5.5900000e-01   8.0000000e+00   7.8000833e+00
   5.6000000e-01   8.0000000e+00   7.7617717e+00
   5.6100000e-01   8.0000000e+00   7.8136455e+00
   5.6200000e-01   8.0000000e+00   7.8401116e+00
   5.6300000e-01   8.0000000e+00   7.8459572e+00
   5.6400000e-01   8.0000000e+00   7.7694392e+00
   5.6500000e-01   8.0000000e+00   7.6643282e+00
   5.6600000e-01   8.0000000e+00   7.8590573e+00
   5.6700000e-01   8.0000000e+00   7.8163258e+00
   5.6800000e-01   8.0000000e+00   7.8732887e+00
   5.6900000e-01   8.0000000e+00   7.7254913e+00
   5.7000000e-01   8.0000000e+00   7.7524043e+00
   5.7100000e-01   8.0000000e+00   7.8360334e+00
   5.7200000e-01   8.0000000e+00   7.9073911e+00
   5.7300000e-01   8.0000000e+00   7.7861687e+00
   5.7400000e-01   8.0000000e+00   7.6981652e+00
   5.7500000e-01   8.0000000e+00   7.7952300e+00
   5.7600000e-01   8.0000000e+00   7.8074539e+00
   5.7700000e-01   8.0000000e+00   7.9067911e+00
   5.7800000e-01   8.0000000e+00   7.8542082e+00
   5.7900000e-01   8.0000000e+00   7.6925783e+00
   5.8000000e-01   8.0000000e+00   7.7662429e+00
   5.8100000e-01   8.0000000e+00   7.8920714e+00
   5.8200000e-01   8.0000000e+00   7.7591816e+00
   5.8300000e-01   8.0000000e+00   7.7275551e+00
   5.8400000e-01   8.0000000e+00   7.8923120e+00
   5.8500000e-01   8.0000000e+00   7.8051766e+00
   5.8600000e-01   8.0000000e+00   7.7428828e+00
   5.8700000e-01   8.0000000e+00   7.7706498e+00
   5.8800000e-01   8.0000000e+00   7.7833387e+00
   5.8900000e-01   8.0000000e+00   7.8141806e+00
   5.9000000e-01   8.0000000e+00   7.7806721e+00
   5.9100000e-01   8.0000000e+00   7.8968042e+00
   5.9200000e-01   8.0000000e+00   7.8752731e+00
   5.9300000e-01   8.0000000e+00   7.7753503e+00
   5.9400000e-01   8.0000000e+00   7.6621673e+00
   5.9500000e-01   8.0000000e+00   7.6922600e+00
   5.9600000e-01   8.0000000e+00   7.9095014e+00
   5.9700000e-01   8.0000000e+00   7.7443753e+00
   5.9800000e-01   8.0000000e+00   7.9804396e+00
   5.9900000e-01   8.0000000e+00   7.9204436e+00
   6.0000000e-01   8.0000000e+00   7.8445249e+00
   6.0100000e-01   8.0000000e+00   7.8715665e+00
   6.0200000e-01   8.0000000e+00   7.8225050e+00
   6.0300000e-01   8.0000000e+00   7.8196274e+00
   6.0400000e-01   8.0000000e+00   7.8477751e+00
   6.0500000e-01   8.0000000e+00   7.8033832e+00
   6.0600000e-01   8.0000000e+00   7.8923749e+00
   6.0700000e-01   8.0000000e+00   7.7465732e+00
   6.0800000e-01   8.0000000e+00   7.7085745e+00
   6.0900000e-01   8.0000000e+00   7.8464117e+00
   6.1000000e-01   8.0000000e+00   7.7901564e+00
   6.1100000e-01   8.0000000e+00   7.8643198e+00
   6.1200000e-01   8.0000000e+00   7.7835690e+00
   6.1300000e-01   8.0000000e+00   7.8035583e+00
   6.1400000e-01   8.0000000e+00   7.9116593e+00
   6.1500000e-01   8.0000000e+00   7.6993802e+00
   6.1600000e-01   8.0000000e+00   7.7867292e+00
   6.1700000e-01   8.0000000e+00   7.8395631e+00
   6.1800000e-01   8.0000000e+00   7.8219814e+00
   6.1900000e-01   8.0000000e+00   7.8755389e+00
   6.2000000e-01   8.0000000e+00   7.7609214e+00
   6.2100000e-01   8.0000000e+00   7.8220008e+00
   6.2200000e-01   8.0000000e+00   7.8481301e+00
   6.2300000e-01   8.0000000e+00   7.8190003e+00
   6.2400000e-01   8.0000000e+00   7.9328974e+00
   6.2500000e-01   8.0000000e+00   7.8834414e+00
   6.2600000e-01   8.0000000e+00   7.9595739e+00
   6.2700000e-01   8.0000000e+00   8.0135616e+00
   6.2800000e-01   8.0000000e+00   7.8409109e+00
   6.2900000e-01   8.0000000e+00   7.7674304e+00
   6.3000000e-01   8.0000000e+00   7.8193202e+00
   6.3100000e-01   8.0000000e+00   7.8694208e+00
   6.3200000e-01   8.0000000e+00   7.8451816e+00
   6.3300000e-01   8.0000000e+00   7.7413681e+00
   6.3400000e-01   8.0000000e+00   7.8985451e+00
   6.3500000e-01   8.0000000e+00   7.7643363e+00
   6.3600000e-01   8.0000000e+00   7.8443850e+00
   6.3700000e-01   8.0000000e+00   7.7856244e+00
   6.3800000e-01   8.0000000e+00   7.9309287e+00
   6.3900000e-01   8.0000000e+00   7.8469207e+00
   6.4000000e-01   8.0000000e+00   8.0273789e+00
   6.4100000e-01   8.0000000e+00   7.7984957e+00
   6.4200000e-01   8.0000000e+00   7.8015212e+00
   6.4300000e-01   8.0000000e+00   7.8216031e+00
   6.4400000e-01   8.0000000e+00   7.7974183e+00
   6.4500000e-01   8.0000000e+00   7.8837217e+00
   6.4600000e-01   8.0000000e+00   7.8710428e+00
   6.4700000e-01   8.0000000e+00   7.8672621e+00
   6.4800000e-01   8.0000000e+00   7.7773831e+00
   6.4900000e-01   8.0000000e+00   7.9117960e+00
   6.5000000e-01   8.0000000e+00   7.8562253e+00
   6.5100000e-01   8.0000000e+00   7.9330939e+00
   6.5200000e-01   8.0000000e+00   7.9198202e+00
   6.5300000e-01   8.0000000e+00   7.8287040e+00
   6.5400000e-01   8.0000000e+00   7.7964796e+00
   6.5500000e-01   8.0000000e+00   7.7353585e+00
   6.5600000e-01   8.0000000e+00   7.9770483e+00
   6.5700000e-01   8.0000000e+00   7.7660090e+00
   6.5800000e-01   8.0000000e+00   7.8265666e+00
   6.5900000e-01   8.0000000e+00   7.7455018e+00
   6.6000000e-01   8.0000000e+00   7.8686375e+00
   6.6100000e-01   8.0000000e+00   7.8553936e+00
   6.6200000e-01   8.0000000e+00   7.8273324e+00
   6.6300000e-01   8.0000000e+00   7.7760359e+00
   6.6400000e-01   8.0000000e+00   7.8293586e+00
   6.6500000e-01   8.0000000e+00   7.8982699e+00
   6.6600000e-01   8.0000000e+00   7.8209198e+00
   6.6700000e-01   8.0000000e+00   7.9292553e+00
   6.6800000e-01   8.0000000e+00   7.9238908e+00
   6.6900000e-01   8.0000000e+00   7.8364628e+00
   6.7000000e-01   8.0000000e+00   7.9167082e+00
   6.7100000e-01   8.0000000e+00   7.9300248e+00
   6.7200000e-01   8.0000000e+00   7.7235942e+00
   6.7300000e-01   8.0000000e+00   7.8342135e+00
   6.7400000e-01   8.0000000e+00   7.8992201e+00
   6.7500000e-01   8.0000000e+00   8.0516269e+00
   6.7600000e-01   8.0000000e+00   7.8729751e+00
   6.7700000e-01   8.0000000e+00   7.8327426e+00
   6.7800000e-01   8.0000000e+00   7.7620422e+00
   6.7900000e-01   8.0000000e+00   7.8465887e+00
   6.8000000e-01   8.0000000e+00   7.8995050e+00
   6.8100000e-01   8.0000000e+00   7.8996535e+00
   6.8200000e-01   8.0000000e+00   7.8726580e+00
   6.8300000e-01   8.0000000e+00   7.9440729e+00
   6.8400000e-01   8.0000000e+00   8.0387371e+00
   6.8500000e-01   8.0000000e+00   8.0260829e+00
   6.8600000e-01   8.0000000e+00   7.7313933e+00
   6.8700000e-01   8.0000000e+00   8.0497539e+00
   6.8800000e-01   8.0000000e+00   7.8673756e+00
   6.8900000e-01   8.0000000e+00   7.8318205e+00
   6.9000000e-01   8.0000000e+00   7.8551183e+00
   6.9100000e-01   8.0000000e+00   7.8701284e+00
   6.9200000e-01   8.0000000e+00   7.8516563e+00
   6.9300000e-01   8.0000000e+00   7.8990572e+00
   6.9400000e-01   8.0000000e+00   7.8516357e+00
   6.9500000e-01   8.0000000e+00   7.9367639e+00
   6.9600000e-01   8.0000000e+00   7.7751069e+00
   6.9700000e-01   8.0000000e+00   7.8428855e+00
   6.9800000e-01   8.0000000e+00   7.9367187e+00
   6.9900000e-01   8.0000000e+00   7.8538632e+00
   7.0000000e-01   8.0000000e+00   7.7950093e+00
   7.0100000e-01   8.0000000e+00   7.9522136e+00
   7.0200000e-01   8.0000000e+00   7.8865128e+00
   7.0300000e-01   8.0000000e+00   7.8404634e+00
   7.0400000e-01   8.0000000e+00   7.7576428e+00
   7.0500000e-01   8.0000000e+00   7.8663611e+00
   7.0600000e-01   8.0000000e+00   7.8738591e+00
   7.0700000e-01   8.0000000e+00   7.8553566e+00
   7.0800000e-01   8.0000000e+00   7.8931201e+00
   7.0900000e-01   8.0000000e+00   7.9018591e+00
   7.1000000e-01   8.0000000e+00   7.7847712e+00
   7.1100000e-01   8.0000000e+00   7.7750679e+00
   7.1200000e-01   8.0000000e+00   7.9880645e+00
   7.1300000e-01   8.0000000e+00   7.9853882e+00
   7.1400000e-01   8.0000000e+00   7.8835233e+00
   7.1500000e-01   8.0000000e+00   7.9525165e+00
   7.1600000e-01   8.0000000e+00   7.8182157e+00
   7.1700000e-01   8.0000000e+00   7.9011103e+00
   7.1800000e-01   8.0000000e+00   7.8599124e+00
   7.1900000e-01   8.0000000e+00   7.9470387e+00
   7.2000000e-01   8.0000000e+00   7.8198352e+00
   7.2100000e-01   8.0000000e+00   7.7961437e+00
   7.2200000e-01   8.0000000e+00   7.8113639e+00
   7.2300000e-01   8.0000000e+00   7.8580719e+00
   7.2400000e-01   8.0000000e+00   7.8720991e+00
   7.2500000e-01   8.0000000e+00   7.9112031e+00
   7.2600000e-01   8.0000000e+00   7.9473711e+00
   7.2700000e-01   8.0000000e+00   7.9141227e+00
   7.2800000e-01   8.0000000e+00   7.9286311e+00
   7.2900000e-01   8.0000000e+00   7.9070527e+00
   7.3000000e-01   8.0000000e+00   7.9262818e+00
   7.3100000e-01   8.0000000e+00   7.9338652e+00
   7.3200000e-01   8.0000000e+00   7.8359514e+00
   7.3300000e-01   8.0000000e+00   7.9102324e+00
   7.3400000e-01   8.0000000e+00   7.8260206e+00
   7.3500000e-01   8.0000000e+00   7.8342958e+00
   7.3600000e-01   8.0000000e+00   7.9054559e+00
   7.3700000e-01   8.0000000e+00   7.8469260e+00
   7.3800000e-01   8.0000000e+00   7.8588164e+00
   7.3900000e-01   8.0000000e+00   7.9803875e+00
   7.4000000e-01   8.0000000e+00   7.9342744e+00
   7.4100000e-01   8.0000000e+00   7.7635708e+00
   7.4200000e-01   8.0000000e+00   7.7420023e+00
   7.4300000e-01   8.0000000e+00   7.9410494e+00
   7.4400000e-01   8.0000000e+00   7.8010364e+00
   7.4500000e-01   8.0000000e+00   7.9148173e+00
   7.4600000e-01   8.0000000e+00   7.8973600e+00
   7.4700000e-01   8.0000000e+00   7.9218449e+00
   7.4800000e-01   8.0000000e+00   7.8830243e+00
   7.4900000e-01   8.0000000e+00   7.9602458e+00
   7.5000000e-01   8.0000000e+00   7.8861809e+00
   7.5100000e-01   8.0000000e+00   7.8587668e+00
   7.5200000e-01   8.0000000e+00   7.9768612e+00
   7.5300000e-01   8.0000000e+00   7.8810871e+00
   7.5400000e-01   8.0000000e+00   7.7706425e+00
   7.5500000e-01   8.0000000e+00   7.9539695e+00
   7.5600000e-01   8.0000000e+00   7.7705091e+00
   7.5700000e-01   8.0000000e+00   7.8872358e+00
   7.5800000e-01   8.0000000e+00   7.7292238e+00
   7.5900000e-01   8.0000000e+00   7.7858129e+00
   7.6000000e-01   8.0000000e+00   7.8251217e+00
   7.6100000e-01   8.0000000e+00   7.9600995e+00
   7.6200000e-01   8.0000000e+00   7.9448759e+00
   7.6300000e-01   8.0000000e+00   7.7919079e+00
   7.6400000e-01   8.0000000e+00   8.0267153e+00
   7.6500000e-01   8.0000000e+00   7.7598335e+00
   7.6600000e-01   8.0000000e+00   7.8483563e+00
   7.6700000e-01   8.0000000e+00   7.9473298e+00
   7.6800000e-01   8.0000000e+00   8.0260907e+00
   7.6900000e-01   8.0000000e+00   7.8949291e+00
   7.7000000e-01   8.0000000e+00   7.7629385e+00
   7.7100000e-01   8.0000000e+00   7.9419736e+00
   7.7200000e-01   8.0000000e+00   7.8879047e+00
   7.7300000e-01   8.0000000e+00   7.8890601e+00
   7.7400000e-01   8.0000000e+00   7.9513617e+00
   7.7500000e-01   8.0000000e+00   7.8746600e+00
   7.7600000e-01   8.0000000e+00   7.9467742e+00
   7.7700000e-01   8.0000000e+00   7.8916581e+00
   7.7800000e-01   8.0000000e+00   7.9607907e+00
   7.7900000e-01   8.0000000e+00   7.9480174e+00
   7.8000000e-01   8.0000000e+00   8.0051663e+00
   7.8100000e-01   8.0000000e+00   7.9516217e+00
   7.8200000e-01   8.0000000e+00   7.8867896e+00
   7.8300000e-01   8.0000000e+00   7.8153296e+00
   7.8400000e-01   8.0000000e+00   7.9188950e+00
   7.8500000e-01   8.0000000e+00   7.8683067e+00
   7.8600000e-01   8.0000000e+00   8.0145363e+00
   7.8700000e-01   8.0000000e+00   7.9219507e+00
   7.8800000e-01   8.0000000e+00   7.9300956e+00
   7.8900000e-01   8.0000000e+00   7.9884956e+00
   7.9000000e-01   8.0000000e+00   7.8986114e+00
   7.9100000e-01   8.0000000e+00   8.0772298e+00
   7.9200000e-01   8.0000000e+00   7.7885627e+00
   7.9300000e-01   8.0000000e+00   7.8165452e+00
   7.9400000e-01   8.0000000e+00   7.7491441e+00
   7.9500000e-01   8.0000000e+00   7.8666994e+00
   7.9600000e-01   8.0000000e+00   7.9396772e+00
   7.9700000e-01   8.0000000e+00   7.9064905e+00
   7.9800000e-01   8.0000000e+00   7.9640498e+00
   7.9900000e-01   8.0000000e+00   7.9493531e+00
   8.0000000e-01   8.0000000e+00   7.9340754e+00
   8.0100000e-01   8.0000000e+00   8.0057187e+00
   8.0200000e-01   8.0000000e+00   7.8713047e+00
   8.0300000e-01   8.0000000e+00   7.9978723e+00
   8.0400000e-01   8.0000000e+00   7.9134477e+00
   8.0500000e-01   8.0000000e+00   7.9691130e+00
   8.0600000e-01   8.0000000e+00   7.8767786e+00
   8.0700000e-01   8.0000000e+00   7.9077101e+00
   8.0800000e-01   8.0000000e+00   7.8935447e+00
   8.0900000e-01   8.0000000e+00   7.8689472e+00
   8.1000000e-01   8.0000000e+00   7.9300252e+00
   8.1100000e-01   8.0000000e+00   7.8856361e+00
   8.1200000e-01   8.0000000e+00   8.0660246e+00
   8.1300000e-01   8.0000000e+00   7.8545113e+00
   8.1400000e-01   8.0000000e+00   7.9283721e+00
   8.1500000e-01   8.0000000e+00   7.8737464e+00
   8.1600000e-01   8.0000000e+00   7.8699934e+00
   8.1700000e-01   8.0000000e+00   7.9848962e+00
   8.1800000e-01   8.0000000e+00   7.8380545e+00
   8.1900000e-01   8.0000000e+00   8.0712640e+00
   8.2000000e-01   8.0000000e+00   7.9052452e+00
   8.2100000e-01   8.0000000e+00   7.8629948e+00
   8.2200000e-01   8.0000000e+00   7.9314892e+00
   8.2300000e-01   8.0000000e+00   7.9503185e+00
   8.2400000e-01   8.0000000e+00   7.8452898e+00
   8.2500000e-01   8.0000000e+00   7.9254524e+00
   8.2600000e-01   8.0000000e+00   7.9538844e+00
   8.2700000e-01   8.0000000e+00   8.0375715e+00
   8.2800000e-01   8.0000000e+00   7.9502941e+00
   8.2900000e-01   8.0000000e+00   8.0327617e+00
   8.3000000e-01   8.0000000e+00   7.9325415e+00
   8.3100000e-01   8.0000000e+00   7.9611627e+00
   8.3200000e-01   8.0000000e+00   7.8569771e+00
   8.3300000e-01   8.0000000e+00   7.8510713e+00
   8.3400000e-01   8.0000000e+00   7.8978214e+00
   8.3500000e-01   8.0000000e+00   7.9720274e+00
   8.3600000e-01   8.0000000e+00   7.9281595e+00
   8.3700000e-01   8.0000000e+00   7.9573858e+00
   8.3800000e-01   8.0000000e+00   7.8541061e+00
   8.3900000e-01   8.0000000e+00   8.0308352e+00
   8.4000000e-01   8.0000000e+00   7.8141324e+00
   8.4100000e-01   8.0000000e+00   7.9023833e+00
   8.4200000e-01   8.0000000e+00   7.9346519e+00
   8.4300000e-01   8.0000000e+00   7.8543650e+00
   8.4400000e-01   8.0000000e+00   7.9835075e+00
   8.4500000e-01   8.0000000e+00   7.9205483e+00
   8.4600000e-01   8.0000000e+00   7.9574370e+00
   8.4700000e-01   8.0000000e+00   7.8350820e+00
   8.4800000e-01   8.0000000e+00   7.8929255e+00
   8.4900000e-01   8.0000000e+00   7.9094319e+00
   8.5000000e-01   8.0000000e+00   7.9505559e+00
   8.5100000e-01   8.0000000e+00   7.8333222e+00
   8.5200000e-01   8.0000000e+00   7.9470444e+00
   8.5300000e-01   8.0000000e+00   7.9244184e+00
   8.5400000e-01   8.0000000e+00   7.9546880e+00
   8.5500000e-01   8.0000000e+00   8.0321352e+00
   8.5600000e-01   8.0000000e+00   7.9603760e+00
   8.5700000e-01   8.0000000e+00   8.0057352e+00
   8.5800000e-01   8.0000000e+00   7.9432440e+00
   8.5900000e-01   8.0000000e+00   7.8729374e+00
   8.6000000e-01   8.0000000e+00   7.8624525e+00
   8.6100000e-01   8.0000000e+00   7.9851410e+00
   8.6200000e-01   8.0000000e+00   7.9739665e+00
   8.6300000e-01   8.0000000e+00   7.8931821e+00
   8.6400000e-01   8.0000000e+00   7.9439195e+00
   8.6500000e-01   8.0000000e+00   7.9198366e+00
   8.6600000e-01   8.0000000e+00   7.9526031e+00
   8.6700000e-01   8.0000000e+00   7.8540371e+00
   8.6800000e-01   8.0000000e+00   7.9551436e+00
   8.6900000e-01   8.0000000e+00   7.8659171e+00
   8.7000000e-01   8.0000000e+00   7.8912367e+00
   8.7100000e-01   8.0000000e+00   7.9415308e+00
   8.7200000e-01   8.0000000e+00   7.8003557e+00
   8.7300000e-01   8.0000000e+00   7.8479514e+00
   8.7400000e-01   8.0000000e+00   8.0307258e+00
   8.7500000e-01   8.0000000e+00   7.8213372e+00
   8.7600000e-01   8.0000000e+00   7.8662094e+00
   8.7700000e-01   8.0000000e+00   7.9512647e+00
   8.7800000e-01   8.0000000e+00   7.9306639e+00
   8.7900000e-01   8.0000000e+00   7.9455043e+00
   8.8000000e-01   8.0000000e+00   7.9372298e+00
   8.8100000e-01   8.0000000e+00   7.9218330e+00
   8.8200000e-01   8.0000000e+00   8.0717490e+00
   8.8300000e-01   8.0000000e+00   7.7355576e+00
   8.8400000e-01   8.0000000e+00   7.9153939e+00
   8.8500000e-01   8.0000000e+00   7.8603255e+00
   8.8600000e-01   8.0000000e+00   7.9163264e+00
   8.8700000e-01   8.0000000e+00   8.0362256e+00
   8.8800000e-01   8.0000000e+00   7.9412363e+00
   8.8900000e-01   8.0000000e+00   7.9128173e+00
   8.9000000e-01   8.0000000e+00   7.8814522e+00
   8.9100000e-01   8.0000000e+00   7.7767477e+00
   8.9200000e-01   8.0000000e+00   7.8284734e+00
   8.9300000e-01   8.0000000e+00   8.0532958e+00
   8.9400000e-01   8.0000000e+00   7.8937118e+00
   8.9500000e-01   8.0000000e+00   7.8123595e+00
   8.9600000e-01   8.0000000e+00   7.9750421e+00
   8.9700000e-01   8.0000000e+00   7.7979719e+00
   8.9800000e-01   8.0000000e+00   7.9587871e+00
   8.9900000e-01   8.0000000e+00   7.9058681e+00
   9.0000000e-01   8.0000000e+00   7.8282414e+00
   9.0100000e-01   8.0000000e+00   7.9268265e+00
   9.0200000e-01   8.0000000e+00   7.9845581e+00
   9.0300000e-01   8.0000000e+00   8.0093599e+00
   9.0400000e-01   8.0000000e+00   8.0073226e+00
   9.0500000e-01   8.0000000e+00   7.9179798e+00
   9.0600000e-01   8.0000000e+00   7.8513562e+00
   9.0700000e-01   8.0000000e+00   7.9296374e+00
   9.0800000e-01   8.0000000e+00   7.9011886e+00
   9.0900000e-01   8.0000000e+00   7.9142341e+00
   9.1000000e-01   8.0000000e+00   7.8903264e+00
   9.1100000e-01   8.0000000e+00   7.9975225e+00
   9.1200000e-01   8.0000000e+00   7.8330042e+00
   9.1300000e-01   8.0000000e+00   7.9660909e+00
   9.1400000e-01   8.0000000e+00   7.8938343e+00
   9.1500000e-01   8.0000000e+00   8.0286762e+00
   9.1600000e-01   8.0000000e+00   7.9900852e+00
   9.1700000e-01   8.0000000e+00   8.0038975e+00
   9.1800000e-01   8.0000000e+00   7.9571780e+00
   9.1900000e-01   8.0000000e+00   7.8840743e+00
   9.2000000e-01   8.0000000e+00   7.7534617e+00
   9.2100000e-01   8.0000000e+00   7.9817598e+00
   9.2200000e-01   8.0000000e+00   7.8139060e+00
   9.2300000e-01   8.0000000e+00   7.9577807e+00
   9.2400000e-01   8.0000000e+00   7.9529420e+00
   9.2500000e-01   8.0000000e+00   7.9647208e+00
   9.2600000e-01   8.0000000e+00   8.0253210e+00
   9.2700000e-01   8.0000000e+00   7.9553379e+00
   9.2800000e-01   8.0000000e+00   7.8418651e+00
   9.2900000e-01   8.0000000e+00   8.0116428e+00
   9.3000000e-01   8.0000000e+00   8.0980164e+00
   9.3100000e-01   8.0000000e+00   7.9849115e+00
   9.3200000e-01   8.0000000e+00   7.9916073e+00
   9.3300000e-01   8.0000000e+00   7.9885542e+00
   9.3400000e-01   8.0000000e+00   7.9616631e+00
   9.3500000e-01   8.0000000e+00   7.9966344e+00
   9.3600000e-01   8.0000000e+00   7.9562149e+00
   9.3700000e-01   8.0000000e+00   7.9285166e+00
   9.3800000e-01   8.0000000e+00   7.8820609e+00
   9.3900000e-01   8.0000000e+00   7.9252485e+00
   9.4000000e-01   8.0000000e+00   7.7553863e+00
   9.4100000e-01   8.0000000e+00   7.7684902e+00
   9.4200000e-01   8.0000000e+00   7.8707876e+00
   9.4300000e-01   8.0000000e+00   7.9367930e+00
   9.4400000e-01   8.0000000e+00   7.8969803e+00
   9.4500000e-01   8.0000000e+00   8.0257561e+00
   9.4600000e-01   8.0000000e+00   7.9264481e+00
   9.4700000e-01   8.0000000e+00   7.9574298e+00
   9.4800000e-01   8.0000000e+00   7.8584604e+00
   9.4900000e-01   8.0000000e+00   7.9129780e+00
   9.5000000e-01   8.0000000e+00   7.9507668e+00
   9.5100000e-01   8.0000000e+00   8.0319076e+00
   9.5200000e-01   8.0000000e+00   7.9406606e+00
   9.5300000e-01   8.0000000e+00   7.9718477e+00
   9.5400000e-01   8.0000000e+00   7.9725036e+00
   9.5500000e-01   8.0000000e+00   7.9006194e+00
   9.5600000e-01   8.0000000e+00   7.9391059e+00
   9.5700000e-01   8.0000000e+00   7.9418736e+00
   9.5800000e-01   8.0000000e+00   7.9115721e+00
   9.5900000e-01   8.0000000e+00   7.9378897e+00
   9.6000000e-01   8.0000000e+00   8.0445083e+00
   9.6100000e-01   8.0000000e+00   8.0129551e+00
   9.6200000e-01   8.0000000e+00   7.9516388e+00
   9.6300000e-01   8.0000000e+00   7.9617779e+00
   9.6400000e-01   8.0000000e+00   7.9969273e+00
   9.6500000e-01   8.0000000e+00   7.8304272e+00
   9.6600000e-01   8.0000000e+00   7.9003705e+00
   9.6700000e-01   8.0000000e+00   8.0334451e+00
   9.6800000e-01   8.0000000e+00   7.8419651e+00
   9.6900000e-01   8.0000000e+00   7.9165951e+00
   9.7000000e-01   8.0000000e+00   7.9379819e+00
   9.7100000e-01   8.0000000e+00   7.9786643e+00
   9.7200000e-01   8.0000000e+00   7.9570234e+00
   9.7300000e-01   8.0000000e+00   8.0632144e+00
   9.7400000e-01   8.0000000e+00   7.9385752e+00
   9.7500000e-01   8.0000000e+00   8.0060664e+00
   9.7600000e-01   8.0000000e+00   7.8916978e+00
   9.7700000e-01   8.0000000e+00   8.0590553e+00
   9.7800000e-01   8.0000000e+00   7.9699631e+00
   9.7900000e-01   8.0000000e+00   7.8629887e+00
   9.8000000e-01   8.0000000e+00   7.9531695e+00
   9.8100000e-01   8.0000000e+00   7.9244021e+00
   9.8200000e-01   8.0000000e+00   7.9543710e+00
   9.8300000e-01   8.0000000e+00   7.9238286e+00
   9.8400000e-01   8.0000000e+00   7.8303308e+00
   9.8500000e-01   8.0000000e+00   7.9610823e+00
   9.8600000e-01   8.0000000e+00   7.9716107e+00
   9.8700000e-01   8.0000000e+00   7.8546100e+00
   9.8800000e-01   8.0000000e+00   8.0104231e+00
   9.8900000e-01   8.0000000e+00   7.9499047e+00
   9.9000000e-01   8.0000000e+00   7.9825585e+00
   9.9100000e-01   8.0000000e+00   8.0216330e+00
   9.9200000e-01   8.0000000e+00   8.0043653e+00
   9.9300000e-01   8.0000000e+00   7.9069121e+00
   9.9400000e-01   8.0000000e+00   7.8709118e+00
   9.9500000e-01   8.0000000e+00   7.9679600e+00
   9.9600000e-01   8.0000000e+00   7.9628508e+00
   9.9700000e-01   8.0000000e+00   7.8972019e+00
   9.9800000e-01   8.0000000e+00   7.8550818e+00
   9.9900000e-01   8.0000000e+00   8.0388435e+00
   1.0000000e+00   8.0000000e+00   7.9447283e+00
   1.0010000e+00   8.0000000e+00   7.9397791e+00
   1.0020000e+00   8.0000000e+00   7.9604398e+00
   1.0030000e+00   8.0000000e+00   7.9235515e+00
   1.0040000e+00   8.0000000e+00   7.9229988e+00
   1.0050000e+00   8.0000000e+00   7.9559419e+00
   1.0060000e+00   8.0000000e+00   8.0262715e+00
   1.0070000e+00   8.0000000e+00   8.0216801e+00
   1.0080000e+00   8.0000000e+00   7.9100841e+00
   1.0090000e+00   8.0000000e+00   7.8569065e+00
   1.0100000e+00   8.0000000e+00   7.9254232e+00
   1.0110000e+00   8.0000000e+00   7.9280315e+00
   1.0120000e+00   8.0000000e+00   7.8827741e+00
   1.0130000e+00   8.0000000e+00   7.8715264e+00
   1.0140000e+00   8.0000000e+00   7.9688024e+00
   1.0150000e+00   8.0000000e+00   7.8531093e+00
   1.0160000e+00   8.0000000e+00   8.0259110e+00
   1.0170000e+00   8.0000000e+00   7.8965219e+00
   1.0180000e+00   8.0000000e+00   7.9418171e+00
   1.0190000e+00   8.0000000e+00   7.8833630e+00
   1.0200000e+00   8.0000000e+00   7.9560150e+00
   1.0210000e+00   8.0000000e+00   7.9280319e+00
   1.0220000e+00   8.0000000e+00   7.8928614e+00
   1.0230000e+00   8.0000000e+00   7.8263154e+00
   1.0240000e+00   8.0000000e+00   7.8146177e+00
   1.0250000e+00   8.0000000e+00   7.8909363e+00
   1.0260000e+00   8.0000000e+00   7.8821074e+00
   1.0270000e+00   8.0000000e+00   7.8156109e+00
   1.0280000e+00   8.0000000e+00   7.9282814e+00
   1.0290000e+00   8.0000000e+00   7.9249177e+00
   1.0300000e+00   8.0000000e+00   7.9878174e+00
   1.0310000e+00   8.0000000e+00   7.9934427e+00
   1.0320000e+00   8.0000000e+00   7.9856772e+00
   1.0330000e+00   8.0000000e+00   7.8920688e+00
   1.0340000e+00   8.0000000e+00   8.0156517e+00
   1.0350000e+00   8.0000000e+00   8.0261136e+00
   1.0360000e+00   8.0000000e+00   7.9228567e+00
   1.0370000e+00   8.0000000e+00   7.8594944e+00
   1.0380000e+00   8.0000000e+00   7.9954145e+00
   1.0390000e+00   8.0000000e+00   7.9135091e+00
   1.0400000e+00   8.0000000e+00   7.8517727e+00
   1.0410000e+00   8.0000000e+00   7.9052378e+00
   1.0420000e+00   8.0000000e+00   8.0447603e+00
   1.0430000e+00   8.0000000e+00   7.9201762e+00
   1.0440000e+00   8.0000000e+00   7.9644832e+00
   1.0450000e+00   8.0000000e+00   7.8278724e+00
   1.0460000e+00   8.0000000e+00   7.9165152e+00
   1.0470000e+00   8.0000000e+00   7.9055209e+00
   1.0480000e+00   8.0000000e+00   7.7753301e+00
   1.0490000e+00   8.0000000e+00   7.9960653e+00
   1.0500000e+00   8.0000000e+00   7.8903703e+00
   1.0510000e+00   8.0000000e+00   7.8294660e+00
   1.0520000e+00   8.0000000e+00   7.9169209e+00
   1.0530000e+00   8.0000000e+00   7.9897016e+00
   1.0540000e+00   8.0000000e+00   7.9053983e+00
   1.0550000e+00   8.0000000e+00   7.9847210e+00
   1.0560000e+00   8.0000000e+00   7.9712427e+00
   1.0570000e+00   8.0000000e+00   7.9936053e+00
   1.0580000e+00   8.0000000e+00   7.7717690e+00
   1.0590000e+00   8.0000000e+00   8.0221672e+00
   1.0600000e+00   8.0000000e+00   7.9668573e+00
   1.0610000e+00   8.0000000e+00   7.8679576e+00
   1.0620000e+00   8.0000000e+00   7.9719773e+00
   1.0630000e+00   8.0000000e+00   7.8940821e+00
   1.0640000e+00   8.0000000e+00   7.9604300e+00
   1.0650000e+00   8.0000000e+00   8.0005131e+00
   1.0660000e+00   8.0000000e+00   7.9636465e+00
   1.0670000e+00   8.0000000e+00   8.0516923e+00
   1.0680000e+00   8.0000000e+00   7.8671096e+00
   1.0690000e+00   8.0000000e+00   7.9630016e+00
   1.0700000e+00   8.0000000e+00   7.9406716e+00
   1.0710000e+00   8.0000000e+00   7.9612507e+00
   1.0720000e+00   8.0000000e+00   8.0280156e+00
   1.0730000e+00   8.0000000e+00   7.9557230e+00
   1.0740000e+00   8.0000000e+00   7.9033090e+00
   1.0750000e+00   8.0000000e+00   7.9687825e+00
   1.0760000e+00   8.0000000e+00   7.9332106e+00
   1.0770000e+00   8.0000000e+00   7.9012940e+00
   1.0780000e+00   8.0000000e+00   8.0156207e+00
   1.0790000e+00   8.0000000e+00   7.8919478e+00
   1.0800000e+00   8.0000000e+00   8.0088627e+00
   1.0810000e+00   8.0000000e+00   7.9886875e+00
   1.0820000e+00   8.0000000e+00   7.9973405e+00
   1.0830000e+00   8.0000000e+00   7.9947279e+00
   1.0840000e+00   8.0000000e+00   7.8230171e+00
   1.0850000e+00   8.0000000e+00   7.8282469e+00
   1.0860000e+00   8.0000000e+00   8.0351790e+00
   1.0870000e+00   8.0000000e+00   7.8981747e+00
   1.0880000e+00   8.0000000e+00   7.8955860e+00
   1.0890000e+00   8.0000000e+00   7.9196206e+00
   1.0900000e+00   8.0000000e+00   7.8580940e+00
   1.0910000e+00   8.0000000e+00   7.8648990e+00
   1.0920000e+00   8.0000000e+00   8.0120741e+00
   1.0930000e+00   8.0000000e+00   7.8306209e+00
   1.0940000e+00   8.0000000e+00   7.8801398e+00
   1.0950000e+00   8.0000000e+00   7.9142739e+00
   1.0960000e+00   8.0000000e+00   8.0657022e+00
   1.0970000e+00   8.0000000e+00   7.9376186e+00
   1.0980000e+00   8.0000000e+00   8.0326858e+00
   1.0990000e+00   8.0000000e+00   7.9077824e+00
   1.1000000e+00   8.0000000e+00   8.0389916e+00
   1.1010000e+00   8.0000000e+00   8.0448419e+00
   1.1020000e+00   8.0000000e+00   7.9773282e+00
   1.1030000e+00   8.0000000e+00   7.8016687e+00
   1.1040000e+00   8.0000000e+00   7.9521344e+00
   1.1050000e+00   8.0000000e+00   7.9067345e+00
   1.1060000e+00   8.0000000e+00   7.9684247e+00
   1.1070000e+00   8.0000000e+00   8.0353497e+00
   1.1080000e+00   8.0000000e+00   7.8716531e+00
   1.1090000e+00   8.0000000e+00   8.0302673e+00
   1.1100000e+00   8.0000000e+00   7.9351479e+00
   1.1110000e+00   8.0000000e+00   7.9626212e+00
   1.1120000e+00   8.0000000e+00   8.0497577e+00
   1.1130000e+00   8.0000000e+00   7.8726021e+00
   1.1140000e+00   8.0000000e+00   7.8437097e+00
   1.1150000e+00   8.0000000e+00   8.0028713e+00
   1.1160000e+00   8.0000000e+00   7.9182293e+00
   1.1170000e+00   8.0000000e+00   8.0701426e+00
   1.1180000e+00   8.0000000e+00   7.9089838e+00
   1.1190000e+00   8.0000000e+00   8.0063271e+00
   1.1200000e+00   8.0000000e+00   7.9598280e+00
   1.1210000e+00   8.0000000e+00   7.9547064e+00
   1.1220000e+00   8.0000000e+00   7.9002998e+00
   1.1230000e+00   8.0000000e+00   7.9602725e+00
   1.1240000e+00   8.0000000e+00   8.0302733e+00
   1.1250000e+00   8.0000000e+00   7.9091081e+00
   1.1260000e+00   8.0000000e+00   8.0092875e+00
   1.1270000e+00   8.0000000e+00   8.0216820e+00
   1.1280000e+00   8.0000000e+00   8.0211164e+00
   1.1290000e+00   8.0000000e+00   7.8933814e+00
   1.1300000e+00   8.0000000e+00   8.0498815e+00
   1.1310000e+00   8.0000000e+00   8.0409008e+00
   1.1320000e+00   8.0000000e+00   8.0456905e+00
   1.1330000e+00   8.0000000e+00   7.9236469e+00
   1.1340000e+00   8.0000000e+00   8.0439979e+00
   1.1350000e+00   8.0000000e+00   7.9554116e+00
   1.1360000e+00   8.0000000e+00   7.9401031e+00
   1.1370000e+00   8.0000000e+00   7.9655304e+00
   1.1380000e+00   8.0000000e+00   7.9007830e+00
   1.1390000e+00   8.0000000e+00   7.9361964e+00
   1.1400000e+00   8.0000000e+00   7.9936322e+00
   1.1410000e+00   8.0000000e+00   7.9934055e+00
   1.1420000e+00   8.0000000e+00   7.9034541e+00
   1.1430000e+00   8.0000000e+00   7.7216879e+00
   1.1440000e+00   8.0000000e+00   8.0050873e+00
   1.1450000e+00   8.0000000e+00   7.8615692e+00
   1.1460000e+00   8.0000000e+00   7.9092205e+00
   1.1470000e+00   8.0000000e+00   7.9728777e+00
   1.1480000e+00   8.0000000e+00   7.8744410e+00
   1.1490000e+00   8.0000000e+00   8.0497218e+00
   1.1500000e+00   8.0000000e+00   7.8805437e+00
   1.1510000e+00   8.0000000e+00   8.0425289e+00
   1.1520000e+00   8.0000000e+00   7.8710252e+00
   1.1530000e+00   8.0000000e+00   8.0838939e+00
   1.1540000e+00   8.0000000e+00   7.9275341e+00
   1.1550000e+00   8.0000000e+00   8.1225325e+00
   1.1560000e+00   8.0000000e+00   7.9364412e+00
   1.1570000e+00   8.0000000e+00   7.9181706e+00
   1.1580000e+00   8.0000000e+00   7.9195040e+00
   1.1590000e+00   8.0000000e+00   8.0079824e+00
   1.1600000e+00   8.0000000e+00   8.0177596e+00
   1.1610000e+00   8.0000000e+00   7.9580657e+00
   1.1620000e+00   8.0000000e+00   7.9376755e+00
   1.1630000e+00   8.0000000e+00   7.9876307e+00
   1.1640000e+00   8.0000000e+00   7.9870920e+00
   1.1650000e+00   8.0000000e+00   7.9149693e+00
   1.1660000e+00   8.0000000e+00   7.7662738e+00
   1.1670000e+00   8.0000000e+00   7.9127017e+00
   1.1680000e+00   8.0000000e+00   7.9683428e+00
   1.1690000e+00   8.0000000e+00   8.0267855e+00
   1.1700000e+00   8.0000000e+00   7.9555772e+00
   1.1710000e+00   8.0000000e+00   8.0407605e+00
   1.1720000e+00   8.0000000e+00   7.8662292e+00
   1.1730000e+00   8.0000000e+00   7.8859636e+00
   1.1740000e+00   8.0000000e+00   7.8735076e+00
   1.1750000e+00   8.0000000e+00   8.0501255e+00
   1.1760000e+00   8.0000000e+00   7.9838213e+00
   1.1770000e+00   8.0000000e+00   7.9153098e+00
   1.1780000e+00   8.0000000e+00   8.0634643e+00
   1.1790000e+00   8.0000000e+00   7.9538479e+00
   1.1800000e+00   8.0000000e+00   7.9569374e+00
   1.1810000e+00   8.0000000e+00   7.9562070e+00
   1.1820000e+00   8.0000000e+00   7.9184596e+00
   1.1830000e+00   8.0000000e+00   7.9148035e+00
   1.1840000e+00   8.0000000e+00   7.8927868e+00
   1.1850000e+00   8.0000000e+00   7.8494488e+00
   1.1860000e+00   8.0000000e+00   7.9702937e+00
   1.1870000e+00   8.0000000e+00   7.9924244e+00
   1.1880000e+00   8.0000000e+00   7.9852668e+00
   1.1890000e+00   8.0000000e+00   7.9154913e+00
   1.1900000e+00   8.0000000e+00   8.0218450e+00
   1.1910000e+00   8.0000000e+00   7.9550653e+00
   1.1920000e+00   8.0000000e+00   7.9625660e+00
   1.1930000e+00   8.0000000e+00   7.9249887e+00
   1.1940000e+00   8.0000000e+00   8.0037804e+00
   1.1950000e+00   8.0000000e+00   7.7318310e+00
   1.1960000e+00   8.0000000e+00   7.9960875e+00
   1.1970000e+00   8.0000000e+00   7.9737030e+00
   1.1980000e+00   8.0000000e+00   8.0017125e+00
   1.1990000e+00   8.0000000e+00   8.1194487e+00
   1.2000000e+00   8.0000000e+00   7.9507098e+00
   1.2010000e+00   8.0000000e+00   7.9505229e+00
   1.2020000e+00   8.0000000e+00   7.9350360e+00
   1.2030000e+00   8.0000000e+00   7.9224021e+00
   1.2040000e+00   8.0000000e+00   7.8430886e+00
   1.2050000e+00   8.0000000e+00   7.8388534e+00
   1.2060000e+00   8.0000000e+00   7.9505634e+00
   1.2070000e+00   8.0000000e+00   7.9871569e+00
   1.2080000e+00   8.0000000e+00   7.8768109e+00
   1.2090000e+00   8.0000000e+00   8.0130101e+00
   1.2100000e+00   8.0000000e+00   7.9578335e+00
   1.2110000e+00   8.0000000e+00   7.9854416e+00
   1.2120000e+00   8.0000000e+00   7.9834197e+00
   1.2130000e+00   8.0000000e+00   8.0214845e+00
   1.2140000e+00   8.0000000e+00   7.9784975e+00
   1.2150000e+00   8.0000000e+00   7.9589256e+00
   1.2160000e+00   8.0000000e+00   7.9762952e+00
   1.2170000e+00   8.0000000e+00   7.9197400e+00
   1.2180000e+00   8.0000000e+00   8.0201812e+00
   1.2190000e+00   8.0000000e+00   7.9169944e+00
   1.2200000e+00   8.0000000e+00   8.0239286e+00
   1.2210000e+00   8.0000000e+00   7.8017390e+00
   1.2220000e+00   8.0000000e+00   7.9556725e+00
   1.2230000e+00   8.0000000e+00   7.9296606e+00
   1.2240000e+00   8.0000000e+00   8.0299511e+00
   1.2250000e+00   8.0000000e+00   7.8544219e+00
   1.2260000e+00   8.0000000e+00   7.9074020e+00
   1.2270000e+00   8.0000000e+00   7.9437304e+00
   1.2280000e+00   8.0000000e+00   7.9313424e+00
   1.2290000e+00   8.0000000e+00   7.9834408e+00
   1.2300000e+00   8.0000000e+00   8.0450444e+00
   1.2310000e+00   8.0000000e+00   7.9489177e+00
   1.2320000e+00   8.0000000e+00   8.0795555e+00
   1.2330000e+00   8.0000000e+00   7.8830928e+00
   1.2340000e+00   8.0000000e+00   8.0430465e+00
   1.2350000e+00   8.0000000e+00   7.9846060e+00
   1.2360000e+00   8.0000000e+00   7.8150375e+00
   1.2370000e+00   8.0000000e+00   7.9270780e+00
   1.2380000e+00   8.0000000e+00   7.9827081e+00
   1.2390000e+00   8.0000000e+00   7.9843981e+00
   1.2400000e+00   8.0000000e+00   7.9672730e+00
   1.2410000e+00   8.0000000e+00   7.9154529e+00
   1.2420000e+00   8.0000000e+00   8.0323832e+00
   1.2430000e+00   8.0000000e+00   7.9752126e+00
   1.2440000e+00   8.0000000e+00   7.9547945e+00
   1.2450000e+00   8.0000000e+00   7.9322418e+00
   1.2460000e+00   8.0000000e+00   8.0364331e+00
   1.2470000e+00   8.0000000e+00   7.8984444e+00
   1.2480000e+00   8.0000000e+00   8.1082113e+00
   1.2490000e+00   8.0000000e+00   8.0529238e+00
   1.2500000e+00   8.0000000e+00   7.9975022e+00
   1.2510000e+00   8.0000000e+00   7.9170708e+00
   1.2520000e+00   8.0000000e+00   7.9645678e+00
   1.2530000e+00   8.0000000e+00   8.0592132e+00
   1.2540000e+00   8.0000000e+00   7.8992411e+00
   1.2550000e+00   8.0000000e+00   7.9188524e+00
   1.2560000e+00   8.0000000e+00   8.0312822e+00
   1.2570000e+00   8.0000000e+00   7.9646463e+00
   1.2580000e+00   8.0000000e+00   8.0506017e+00
   1.2590000e+00   8.0000000e+00   7.8932875e+00
   1.2600000e+00   8.0000000e+00   8.0071649e+00
   1.2610000e+00   8.0000000e+00   7.9406129e+00
   1.2620000e+00   8.0000000e+00   7.8747302e+00
   1.2630000e+00   8.0000000e+00   7.8508313e+00
   1.2640000e+00   8.0000000e+00   7.9508214e+00
   1.2650000e+00   8.0000000e+00   7.9127182e+00
   1.2660000e+00   8.0000000e+00   8.0238948e+00
   1.2670000e+00   8.0000000e+00   7.8796288e+00
   1.2680000e+00   8.0000000e+00   8.0185692e+00
   1.2690000e+00   8.0000000e+00   7.8234330e+00
   1.2700000e+00   8.0000000e+00   7.8557255e+00
   1.2710000e+00   8.0000000e+00   7.8465404e+00
   1.2720000e+00   8.0000000e+00   8.0066301e+00
   1.2730000e+00   8.0000000e+00   7.9104334e+00
   1.2740000e+00   8.0000000e+00   8.0482975e+00
   1.2750000e+00   8.0000000e+00   7.8065466e+00
   1.2760000e+00   8.0000000e+00   8.0366355e+00
   1.2770000e+00   8.0000000e+00   7.9127367e+00
   1.2780000e+00   8.0000000e+00   7.8937890e+00
   1.2790000e+00   8.0000000e+00   7.9683841e+00
   1.2800000e+00   8.0000000e+00   8.0581427e+00
   1.2810000e+00   8.0000000e+00   7.9825520e+00
   1.2820000e+00   8.0000000e+00   7.9404872e+00
   1.2830000e+00   8.0000000e+00   8.0836656e+00
   1.2840000e+00   8.0000000e+00   7.9383112e+00
   1.2850000e+00   8.0000000e+00   7.9135467e+00
   1.2860000e+00   8.0000000e+00   7.8941357e+00
   1.2870000e+00   8.0000000e+00   7.8733967e+00
   1.2880000e+00   8.0000000e+00   8.0263454e+00
   1.2890000e+00   8.0000000e+00   8.1179666e+00
   1.2900000e+00   8.0000000e+00   7.8251937e+00
   1.2910000e+00   8.0000000e+00   7.9542463e+00
   1.2920000e+00   8.0000000e+00   7.9995631e+00
   1.2930000e+00   8.0000000e+00   7.9346534e+00
   1.2940000e+00   8.0000000e+00   7.9225221e+00
   1.2950000e+00   8.0000000e+00   7.9960394e+00
   1.2960000e+00   8.0000000e+00   7.9663428e+00
   1.2970000e+00   8.0000000e+00   8.0364745e+00
   1.2980000e+00   8.0000000e+00   7.9606488e+00
   1.2990000e+00   8.0000000e+00   7.9349425e+00
   1.3000000e+00   8.0000000e+00   8.0628587e+00
   1.3010000e+00   8.0000000e+00   7.9970891e+00
   1.3020000e+00   8.0000000e+00   7.8705089e+00
   1.3030000e+00   8.0000000e+00   8.0130003e+00
   1.3040000e+00   8.0000000e+00   7.9839333e+00
   1.3050000e+00   8.0000000e+00   7.9963536e+00
   1.3060000e+00   8.0000000e+00   8.0174308e+00
   1.3070000e+00   8.0000000e+00   7.8544951e+00
   1.3080000e+00   8.0000000e+00   8.0917624e+00
   1.3090000e+00   8.0000000e+00   7.9155471e+00
   1.3100000e+00   8.0000000e+00   7.9249708e+00
   1.3110000e+00   8.0000000e+00   7.9947678e+00
   1.3120000e+00   8.0000000e+00   7.9015134e+00
   1.3130000e+00   8.0000000e+00   7.8816069e+00
   1.3140000e+00   8.0000000e+00   7.9259396e+00
   1.3150000e+00   8.0000000e+00   7.9754830e+00
   1.3160000e+00   8.0000000e+00   8.0382286e+00
   1.3170000e+00   8.0000000e+00   7.9393678e+00
   1.3180000e+00   8.0000000e+00   7.9761524e+00
   1.3190000e+00   8.0000000e+00   7.9609879e+00
   1.3200000e+00   8.0000000e+00   7.9678559e+00
   1.3210000e+00   8.0000000e+00   7.8520151e+00
   1.3220000e+00   8.0000000e+00   7.8043057e+00
   1.3230000e+00   8.0000000e+00   8.0145875e+00
   1.3240000e+00   8.0000000e+00   8.0175911e+00
   1.3250000e+00   8.0000000e+00   8.0178332e+00
   1.3260000e+00   8.0000000e+00   7.8254455e+00
   1.3270000e+00   8.0000000e+00   8.0238734e+00
   1.3280000e+00   8.0000000e+00   7.9006042e+00
   1.3290000e+00   8.0000000e+00   7.9746521e+00
   1.3300000e+00   8.0000000e+00   7.9274463e+00
   1.3310000e+00   8.0000000e+00   7.8245278e+00
   1.3320000e+00   8.0000000e+00   8.0594088e+00
   1.3330000e+00   8.0000000e+00   7.9897214e+00
   1.3340000e+00   8.0000000e+00   7.8639378e+00
   1.3350000e+00   8.0000000e+00   7.8204990e+00
   1.3360000e+00   8.0000000e+00   7.9868289e+00
   1.3370000e+00   8.0000000e+00   7.9737808e+00
   1.3380000e+00   8.0000000e+00   7.9422414e+00
   1.3390000e+00   8.0000000e+00   8.0517731e+00
   1.3400000e+00   8.0000000e+00   8.0382282e+00
   1.3410000e+00   8.0000000e+00   7.9332558e+00
   1.3420000e+00   8.0000000e+00   7.9634532e+00
   1.3430000e+00   8.0000000e+00   7.9741967e+00
   1.3440000e+00   8.0000000e+00   8.0237025e+00
   1.3450000e+00   8.0000000e+00   7.9442266e+00
   1.3460000e+00   8.0000000e+00   7.9720536e+00
   1.3470000e+00   8.0000000e+00   8.0032909e+00
   1.3480000e+00   8.0000000e+00   7.9154380e+00
   1.3490000e+00   8.0000000e+00   8.0000622e+00
   1.3500000e+00   8.0000000e+00   7.9214185e+00
   1.3510000e+00   8.0000000e+00   7.9702031e+00
   1.3520000e+00   8.0000000e+00   7.9663821e+00
   1.3530000e+00   8.0000000e+00   7.9409533e+00
   1.3540000e+00   8.0000000e+00   7.9466180e+00
   1.3550000e+00   8.0000000e+00   7.9872887e+00
   1.3560000e+00   8.0000000e+00   7.9406491e+00
   1.3570000e+00   8.0000000e+00   7.9287603e+00
   1.3580000e+00   8.0000000e+00   7.8682309e+00
   1.3590000e+00   8.0000000e+00   7.9293214e+00
   1.3600000e+00   8.0000000e+00   7.9503044e+00
   1.3610000e+00   8.0000000e+00   7.9864671e+00
   1.3620000e+00   8.0000000e+00   7.9215267e+00
   1.3630000e+00   8.0000000e+00   7.9654879e+00
   1.3640000e+00   8.0000000e+00   7.9492585e+00
   1.3650000e+00   8.0000000e+00   8.0854768e+00
   1.3660000e+00   8.0000000e+00   8.0547908e+00
   1.3670000e+00   8.0000000e+00   7.9455480e+00
   1.3680000e+00   8.0000000e+00   7.9548881e+00
   1.3690000e+00   8.0000000e+00   8.0092751e+00
   1.3700000e+00   8.0000000e+00   7.9729793e+00
   1.3710000e+00   8.0000000e+00   7.9803791e+00
   1.3720000e+00   8.0000000e+00   7.9350613e+00
   1.3730000e+00   8.0000000e+00   7.9568843e+00
   1.3740000e+00   8.0000000e+00   7.9300732e+00
   1.3750000e+00   8.0000000e+00   7.9369107e+00
   1.3760000e+00   8.0000000e+00   7.9570558e+00
   1.3770000e+00   8.0000000e+00   7.9045071e+00
   1.3780000e+00   8.0000000e+00   7.8874664e+00
   1.3790000e+00   8.0000000e+00   7.9264329e+00
   1.3800000e+00   8.0000000e+00   8.0052147e+00
   1.3810000e+00   8.0000000e+00   8.0364980e+00
   1.3820000e+00   8.0000000e+00   7.9471249e+00
   1.3830000e+00   8.0000000e+00   7.9308636e+00
   1.3840000e+00   8.0000000e+00   7.9551804e+00
   1.3850000e+00   8.0000000e+00   7.9260820e+00
   1.3860000e+00   8.0000000e+00   7.8947196e+00
   1.3870000e+00   8.0000000e+00   7.9324825e+00
   1.3880000e+00   8.0000000e+00   7.9430073e+00
   1.3890000e+00   8.0000000e+00   7.9859270e+00
   1.3900000e+00   8.0000000e+00   7.9636580e+00
   1.3910000e+00   8.0000000e+00   7.9585117e+00
   1.3920000e+00   8.0000000e+00   8.0096081e+00
   1.3930000e+00   8.0000000e+00   8.0836402e+00
   1.3940000e+00   8.0000000e+00   8.0211466e+00
   1.3950000e+00   8.0000000e+00   7.9660122e+00
   1.3960000e+00   8.0000000e+00   7.9773487e+00
   1.3970000e+00   8.0000000e+00   7.7289229e+00
   1.3980000e+00   8.0000000e+00   7.8999035e+00
   1.3990000e+00   8.0000000e+00   7.9769238e+00
   1.4000000e+00   8.0000000e+00   8.0157314e+00
   1.4010000e+00   8.0000000e+00   7.9879099e+00
   1.4020000e+00   8.0000000e+00   8.0070250e+00
   1.4030000e+00   8.0000000e+00   8.0673376e+00
   1.4040000e+00   8.0000000e+00   8.0683039e+00
   1.4050000e+00   8.0000000e+00   7.9866407e+00
   1.4060000e+00   8.0000000e+00   7.9712337e+00
   1.4070000e+00   8.0000000e+00   7.9740060e+00
   1.4080000e+00   8.0000000e+00   8.0114431e+00
   1.4090000e+00   8.0000000e+00   8.0534892e+00
   1.4100000e+00   8.0000000e+00   7.9664443e+00
   1.4110000e+00   8.0000000e+00   7.9203652e+00
   1.4120000e+00   8.0000000e+00   7.8961987e+00
   1.4130000e+00   8.0000000e+00   7.9638548e+00
   1.4140000e+00   8.0000000e+00   7.8858342e+00
   1.4150000e+00   8.0000000e+00   7.9129879e+00
   1.4160000e+00   8.0000000e+00   7.9201229e+00
   1.4170000e+00   8.0000000e+00   7.9201481e+00
   1.4180000e+00   8.0000000e+00   7.9290731e+00
   1.4190000e+00   8.0000000e+00   7.9874568e+00
   1.4200000e+00   8.0000000e+00   7.9788154e+00
   1.4210000e+00   8.0000000e+00   7.9750927e+00
   1.4220000e+00   8.0000000e+00   8.1081043e+00
   1.4230000e+00   8.0000000e+00   7.9506147e+00
   1.4240000e+00   8.0000000e+00   8.0597387e+00
   1.4250000e+00   8.0000000e+00   7.9271667e+00
   1.4260000e+00   8.0000000e+00   7.9149666e+00
   1.4270000e+00   8.0000000e+00   7.9081958e+00
   1.4280000e+00   8.0000000e+00   7.9462200e+00
   1.4290000e+00   8.0000000e+00   7.8981728e+00
   1.4300000e+00   8.0000000e+00   7.9243584e+00
   1.4310000e+00   8.0000000e+00   7.8557902e+00
   1.4320000e+00   8.0000000e+00   8.0106999e+00
   1.4330000e+00   8.0000000e+00   7.9457455e+00
   1.4340000e+00   8.0000000e+00   8.0133065e+00
   1.4350000e+00   8.0000000e+00   7.9090746e+00
   1.4360000e+00   8.0000000e+00   8.0063150e+00
   1.4370000e+00   8.0000000e+00   7.9904433e+00
   1.4380000e+00   8.0000000e+00   7.8692565e+00
   1.4390000e+00   8.0000000e+00   7.9792967e+00
   1.4400000e+00   8.0000000e+00   7.8927423e+00
   1.4410000e+00   8.0000000e+00   7.9022549e+00
   1.4420000e+00   8.0000000e+00   8.0131271e+00
   1.4430000e+00   8.0000000e+00   8.0245384e+00
   1.4440000e+00   8.0000000e+00   7.9316346e+00
   1.4450000e+00   8.0000000e+00   8.0226222e+00
   1.4460000e+00   8.0000000e+00   7.9366841e+00
   1.4470000e+00   8.0000000e+00   7.9315220e+00
   1.4480000e+00   8.0000000e+00   8.0611446e+00
   1.4490000e+00   8.0000000e+00   7.9966744e+00
   1.4500000e+00   8.0000000e+00   7.9937206e+00
   1.4510000e+00   8.0000000e+00   7.9756501e+00
   1.4520000e+00   8.0000000e+00   7.8898329e+00
   1.4530000e+00   8.0000000e+00   7.8953467e+00
   1.4540000e+00   8.0000000e+00   8.0499550e+00
   1.4550000e+00   8.0000000e+00   7.8526285e+00
   1.4560000e+00   8.0000000e+00   7.8476725e+00
   1.4570000e+00   8.0000000e+00   7.7773768e+00
   1.4580000e+00   8.0000000e+00   7.9960945e+00
   1.4590000e+00   8.0000000e+00   7.9014624e+00
   1.4600000e+00   8.0000000e+00   7.9256819e+00
   1.4610000e+00   8.0000000e+00   7.9009790e+00
   1.4620000e+00   8.0000000e+00   7.9494892e+00
   1.4630000e+00   8.0000000e+00   7.9743539e+00
   1.4640000e+00   8.0000000e+00   7.9555977e+00
   1.4650000e+00   8.0000000e+00   7.9681331e+00
   1.4660000e+00   8.0000000e+00   7.9865340e+00
   1.4670000e+00   8.0000000e+00   7.9644258e+00
   1.4680000e+00   8.0000000e+00   8.0148615e+00
   1.4690000e+00   8.0000000e+00   7.9358631e+00
   1.4700000e+00   8.0000000e+00   7.8641303e+00
   1.4710000e+00   8.0000000e+00   7.8928775e+00
   1.4720000e+00   8.0000000e+00   7.9626232e+00
   1.4730000e+00   8.0000000e+00   8.0250547e+00
   1.4740000e+00   8.0000000e+00   8.0195679e+00
   1.4750000e+00   8.0000000e+00   7.9177244e+00
   1.4760000e+00   8.0000000e+00   7.8830170e+00
   1.4770000e+00   8.0000000e+00   7.9707944e+00
   1.4780000e+00   8.0000000e+00   7.8302639e+00
   1.4790000e+00   8.0000000e+00   7.9204876e+00
   1.4800000e+00   8.0000000e+00   7.8395905e+00
   1.4810000e+00   8.0000000e+00   7.9568830e+00
   1.4820000e+00   8.0000000e+00   7.8805265e+00
   1.4830000e+00   8.0000000e+00   7.9539585e+00
   1.4840000e+00   8.0000000e+00   8.0691413e+00
   1.4850000e+00   8.0000000e+00   8.0634301e+00
   1.4860000e+00   8.0000000e+00   7.8627829e+00
   1.4870000e+00   8.0000000e+00   7.9654437e+00
   1.4880000e+00   8.0000000e+00   7.9781497e+00
   1.4890000e+00   8.0000000e+00   7.9453738e+00
   1.4900000e+00   8.0000000e+00   7.9908317e+00
   1.4910000e+00   8.0000000e+00   7.9620504e+00
   1.4920000e+00   8.0000000e+00   8.0169387e+00
   1.4930000e+00   8.0000000e+00   7.9264651e+00
   1.4940000e+00   8.0000000e+00   7.9844459e+00
   1.4950000e+00   8.0000000e+00   7.9137679e+00
   1.4960000e+00   8.0000000e+00   8.0075796e+00
   1.4970000e+00   8.0000000e+00   7.9316939e+00
   1.4980000e+00   8.0000000e+00   8.0027348e+00
   1.4990000e+00   8.0000000e+00   7.9344550e+00
   1.5000000e+00   8.0000000e+00   7.8922278e+00
   1.5010000e+00   8.0000000e+00   8.0278672e+00
   1.5020000e+00   8.0000000e+00   7.8775131e+00
   1.5030000e+00   8.0000000e+00   7.8630206e+00
   1.5040000e+00   8.0000000e+00   7.9205441e+00
   1.5050000e+00   8.0000000e+00   7.9504361e+00
   1.5060000e+00   8.0000000e+00   7.8819171e+00
   1.5070000e+00   8.0000000e+00   7.9436587e+00
   1.5080000e+00   8.0000000e+00   7.9305515e+00
   1.5090000e+00   8.0000000e+00   7.9788791e+00
   1.5100000e+00   8.0000000e+00   8.0416325e+00
   1.5110000e+00   8.0000000e+00   8.0099121e+00
   1.5120000e+00   8.0000000e+00   8.0168858e+00
   1.5130000e+00   8.0000000e+00   8.0009165e+00
   1.5140000e+00   8.0000000e+00   8.0304134e+00
   1.5150000e+00   8.0000000e+00   7.8994825e+00
   1.5160000e+00   8.0000000e+00   7.9181376e+00
   1.5170000e+00   8.0000000e+00   7.9649761e+00
   1.5180000e+00   8.0000000e+00   7.8798997e+00
   1.5190000e+00   8.0000000e+00   8.0784655e+00
   1.5200000e+00   8.0000000e+00   7.9152497e+00
   1.5210000e+00   8.0000000e+00   8.0291023e+00
   1.5220000e+00   8.0000000e+00   7.9100195e+00
   1.5230000e+00   8.0000000e+00   7.9788961e+00
   1.5240000e+00   8.0000000e+00   8.0009860e+00
   1.5250000e+00   8.0000000e+00   8.1128764e+00
   1.5260000e+00   8.0000000e+00   8.0320122e+00
   1.5270000e+00   8.0000000e+00   7.9349993e+00
   1.5280000e+00   8.0000000e+00   7.8865563e+00
   1.5290000e+00   8.0000000e+00   7.9653922e+00
   1.5300000e+00   8.0000000e+00   7.9257903e+00
   1.5310000e+00   8.0000000e+00   7.9154772e+00
   1.5320000e+00   8.0000000e+00   7.9180434e+00
   1.5330000e+00   8.0000000e+00   8.0956856e+00
   1.5340000e+00   8.0000000e+00   7.8427683e+00
   1.5350000e+00   8.0000000e+00   7.9171554e+00
   1.5360000e+00   8.0000000e+00   7.9937405e+00
   1.5370000e+00   8.0000000e+00   8.0493485e+00
   1.5380000e+00   8.0000000e+00   7.9599682e+00
   1.5390000e+00   8.0000000e+00   7.9726244e+00
   1.5400000e+00   8.0000000e+00   8.0841231e+00
   1.5410000e+00   8.0000000e+00   7.9639061e+00
   1.5420000e+00   8.0000000e+00   7.9233885e+00
   1.5430000e+00   8.0000000e+00   8.0645432e+00
   1.5440000e+00   8.0000000e+00   8.0121678e+00
   1.5450000e+00   8.0000000e+00   7.8265833e+00
   1.5460000e+00   8.0000000e+00   7.8625365e+00
   1.5470000e+00   8.0000000e+00   7.8853160e+00
   1.5480000e+00   8.0000000e+00   7.9736279e+00
   1.5490000e+00   8.0000000e+00   7.9769992e+00
   1.5500000e+00   8.0000000e+00   8.0116534e+00
   1.5510000e+00   8.0000000e+00   8.0841606e+00
   1.5520000e+00   8.0000000e+00   8.0036441e+00
   1.5530000e+00   8.0000000e+00   7.8998192e+00
   1.5540000e+00   8.0000000e+00   7.9092645e+00
   1.5550000e+00   8.0000000e+00   8.0409357e+00
   1.5560000e+00   8.0000000e+00   7.9528609e+00
   1.5570000e+00   8.0000000e+00   7.8847660e+00
   1.5580000e+00   8.0000000e+00   8.0474990e+00
   1.5590000e+00   8.0000000e+00   7.8262133e+00
   1.5600000e+00   8.0000000e+00   8.1346702e+00
   1.5610000e+00   8.0000000e+00   7.9569043e+00
   1.5620000e+00   8.0000000e+00   7.9310837e+00
   1.5630000e+00   8.0000000e+00   7.9452171e+00
   1.5640000e+00   8.0000000e+00   7.8026110e+00
   1.5650000e+00   8.0000000e+00   7.9793214e+00
   1.5660000e+00   8.0000000e+00   8.1404497e+00
   1.5670000e+00   8.0000000e+00   7.8427212e+00
   1.5680000e+00   8.0000000e+00   7.9636259e+00
   1.5690000e+00   8.0000000e+00   7.9023376e+00
   1.5700000e+00   8.0000000e+00   7.9735792e+00
   1.5710000e+00   8.0000000e+00   7.8198005e+00
   1.5720000e+00   8.0000000e+00   7.9861322e+00
   1.5730000e+00   8.0000000e+00   7.8988269e+00
   1.5740000e+00   8.0000000e+00   7.9291129e+00
   1.5750000e+00   8.0000000e+00   8.0712380e+00
   1.5760000e+00   8.0000000e+00   7.9117102e+00
   1.5770000e+00   8.0000000e+00   7.9139893e+00
   1.5780000e+00   8.0000000e+00   7.9325019e+00
   1.5790000e+00   8.0000000e+00   7.9950376e+00
   1.5800000e+00   8.0000000e+00   8.0438207e+00
   1.5810000e+00   8.0000000e+00   8.0037149e+00
   1.5820000e+00   8.0000000e+00   7.9358442e+00
   1.5830000e+00   8.0000000e+00   7.9401675e+00
   1.5840000e+00   8.0000000e+00   7.9959558e+00
   1.5850000e+00   8.0000000e+00   7.9613847e+00
   1.5860000e+00   8.0000000e+00   7.9198404e+00
   1.5870000e+00   8.0000000e+00   7.9950670e+00
   1.5880000e+00   8.0000000e+00   7.8840385e+00
   1.5890000e+00   8.0000000e+00   8.0151872e+00
   1.5900000e+00   8.0000000e+00   8.0716894e+00
   1.5910000e+00   8.0000000e+00   8.0793403e+00
   1.5920000e+00   8.0000000e+00   8.0075701e+00
   1.5930000e+00   8.0000000e+00   8.1438627e+00
   1.5940000e+00   8.0000000e+00   8.0126884e+00
   1.5950000e+00   8.0000000e+00   7.9154686e+00
   1.5960000e+00   8.0000000e+00   7.7550198e+00
   1.5970000e+00   8.0000000e+00   7.9756433e+00
   1.5980000e+00   8.0000000e+00   8.0793655e+00
   1.5990000e+00   8.0000000e+00   7.7602494e+00
   1.6000000e+00   8.0000000e+00   8.0996962e+00
   1.6010000e+00   8.0000000e+00   7.8995265e+00
   1.6020000e+00   8.0000000e+00   7.9461940e+00
   1.6030000e+00   8.0000000e+00   8.0055376e+00
   1.6040000e+00   8.0000000e+00   8.0374725e+00
   1.6050000e+00   8.0000000e+00   8.0466548e+00
   1.6060000e+00   8.0000000e+00   7.8721177e+00
   1.6070000e+00   8.0000000e+00   7.9748558e+00
   1.6080000e+00   8.0000000e+00   7.9277951e+00
   1.6090000e+00   8.0000000e+00   7.9089251e+00
   1.6100000e+00   8.0000000e+00   7.9408401e+00
   1.6110000e+00   8.0000000e+00   8.0041899e+00
   1.6120000e+00   8.0000000e+00   7.8827572e+00
   1.6130000e+00   8.0000000e+00   7.9571505e+00
   1.6140000e+00   8.0000000e+00   7.9358680e+00
   1.6150000e+00   8.0000000e+00   8.0135169e+00
   1.6160000e+00   8.0000000e+00   7.9645183e+00
   1.6170000e+00   8.0000000e+00   7.9469695e+00
   1.6180000e+00   8.0000000e+00   7.8512820e+00
   1.6190000e+00   8.0000000e+00   8.0012574e+00
   1.6200000e+00   8.0000000e+00   7.8317639e+00
   1.6210000e+00   8.0000000e+00   8.0820943e+00
   1.6220000e+00   8.0000000e+00   8.0165287e+00
   1.6230000e+00   8.0000000e+00   7.9021731e+00
   1.6240000e+00   8.0000000e+00   7.8026376e+00
   1.6250000e+00   8.0000000e+00   7.9799896e+00
   1.6260000e+00   8.0000000e+00   7.8930804e+00
   1.6270000e+00   8.0000000e+00   8.1311453e+00
   1.6280000e+00   8.0000000e+00   7.9190685e+00
   1.6290000e+00   8.0000000e+00   8.0526016e+00
   1.6300000e+00   8.0000000e+00   7.8911951e+00
   1.6310000e+00   8.0000000e+00   7.9767396e+00
   1.6320000e+00   8.0000000e+00   7.9231376e+00
   1.6330000e+00   8.0000000e+00   7.9297607e+00
   1.6340000e+00   8.0000000e+00   7.9797934e+00
   1.6350000e+00   8.0000000e+00   7.8851415e+00
   1.6360000e+00   8.0000000e+00   8.0520961e+00
   1.6370000e+00   8.0000000e+00   7.9028856e+00
   1.6380000e+00   8.0000000e+00   7.8145835e+00
   1.6390000e+00   8.0000000e+00   7.9690650e+00
   1.6400000e+00   8.0000000e+00   8.0103551e+00
   1.6410000e+00   8.0000000e+00   8.0409558e+00
   1.6420000e+00   8.0000000e+00   7.9044353e+00
   1.6430000e+00   8.0000000e+00   7.9564476e+00
   1.6440000e+00   8.0000000e+00   8.0827180e+00
   1.6450000e+00   8.0000000e+00   7.9634196e+00
   1.6460000e+00   8.0000000e+00   7.8232855e+00
   1.6470000e+00   8.0000000e+00   7.9063413e+00
   1.6480000e+00   8.0000000e+00   7.8694134e+00
   1.6490000e+00   8.0000000e+00   7.9977857e+00
   1.6500000e+00   8.0000000e+00   7.9178482e+00
   1.6510000e+00   8.0000000e+00   7.8438631e+00
   1.6520000e+00   8.0000000e+00   7.9871670e+00
   1.6530000e+00   8.0000000e+00   7.9292269e+00
   1.6540000e+00   8.0000000e+00   8.1375759e+00
   1.6550000e+00   8.0000000e+00   8.0167151e+00
   1.6560000e+00   8.0000000e+00   7.9690942e+00
   1.6570000e+00   8.0000000e+00   8.0790727e+00
   1.6580000e+00   8.0000000e+00   8.0421714e+00
   1.6590000e+00   8.0000000e+00   7.9718590e+00
   1.6600000e+00   8.0000000e+00   8.0151012e+00
   1.6610000e+00   8.0000000e+00   8.0660249e+00
   1.6620000e+00   8.0000000e+00   8.0663655e+00
   1.6630000e+00   8.0000000e+00   7.9898727e+00
   1.6640000e+00   8.0000000e+00   8.0248146e+00
   1.6650000e+00   8.0000000e+00   8.1304177e+00
   1.6660000e+00   8.0000000e+00   7.9076486e+00
   1.6670000e+00   8.0000000e+00   7.9793811e+00
   1.6680000e+00   8.0000000e+00   8.0089229e+00
   1.6690000e+00   8.0000000e+00   7.9515055e+00
   1.6700000e+00   8.0000000e+00   7.8571248e+00
   1.6710000e+00   8.0000000e+00   8.0067088e+00
   1.6720000e+00   8.0000000e+00   8.0014732e+00
   1.6730000e+00   8.0000000e+00   8.0762085e+00
   1.6740000e+00   8.0000000e+00   7.8801412e+00
   1.6750000e+00   8.0000000e+00   7.9973768e+00
   1.6760000e+00   8.0000000e+00   7.9955920e+00
   1.6770000e+00   8.0000000e+00   7.8986421e+00
   1.6780000e+00   8.0000000e+00   7.9622999e+00
   1.6790000e+00   8.0000000e+00   7.8210360e+00
   1.6800000e+00   8.0000000e+00   8.0570410e+00
   1.6810000e+00   8.0000000e+00   7.9612959e+00
   1.6820000e+00   8.0000000e+00   7.9569211e+00
   1.6830000e+00   8.0000000e+00   7.9700541e+00
   1.6840000e+00   8.0000000e+00   7.9914498e+00
   1.6850000e+00   8.0000000e+00   7.9635613e+00
   1.6860000e+00   8.0000000e+00   7.9437554e+00
   1.6870000e+00   8.0000000e+00   7.9448222e+00
   1.6880000e+00   8.0000000e+00   7.9624471e+00
   1.6890000e+00   8.0000000e+00   8.0294548e+00
   1.6900000e+00   8.0000000e+00   7.9703082e+00
   1.6910000e+00   8.0000000e+00   7.9224960e+00
   1.6920000e+00   8.0000000e+00   7.7812858e+00
   1.6930000e+00   8.0000000e+00   7.9675715e+00
   1.6940000e+00   8.0000000e+00   7.9059364e+00
   1.6950000e+00   8.0000000e+00   7.9517091e+00
   1.6960000e+00   8.0000000e+00   8.0472530e+00
   1.6970000e+00   8.0000000e+00   7.9569876e+00
   1.6980000e+00   8.0000000e+00   7.9486455e+00
   1.6990000e+00   8.0000000e+00   8.0607860e+00
   1.7000000e+00   8.0000000e+00   8.1118125e+00
   1.7010000e+00   8.0000000e+00   8.0673193e+00
   1.7020000e+00   8.0000000e+00   8.0003647e+00
   1.7030000e+00   8.0000000e+00   7.9920115e+00
   1.7040000e+00   8.0000000e+00   7.9344603e+00
   1.7050000e+00   8.0000000e+00   8.0191828e+00
   1.7060000e+00   8.0000000e+00   7.9714337e+00
   1.7070000e+00   8.0000000e+00   8.0214336e+00
   1.7080000e+00   8.0000000e+00   8.0028776e+00
   1.7090000e+00   8.0000000e+00   7.9778807e+00
   1.7100000e+00   8.0000000e+00   7.8788432e+00
   1.7110000e+00   8.0000000e+00   7.8454409e+00
   1.7120000e+00   8.0000000e+00   7.8745219e+00
   1.7130000e+00   8.0000000e+00   7.9748409e+00
   1.7140000e+00   8.0000000e+00   8.0503769e+00
   1.7150000e+00   8.0000000e+00   7.9554569e+00
   1.7160000e+00   8.0000000e+00   8.0297362e+00
   1.7170000e+00   8.0000000e+00   7.8555903e+00
   1.7180000e+00   8.0000000e+00   7.9139368e+00
   1.7190000e+00   8.0000000e+00   7.9240261e+00
   1.7200000e+00   8.0000000e+00   8.0002771e+00
   1.7210000e+00   8.0000000e+00   7.8697027e+00
   1.7220000e+00   8.0000000e+00   7.9140195e+00
   1.7230000e+00   8.0000000e+00   7.9311702e+00
   1.7240000e+00   8.0000000e+00   7.9874274e+00
   1.7250000e+00   8.0000000e+00   7.9831653e+00
   1.7260000e+00   8.0000000e+00   7.9304223e+00
   1.7270000e+00   8.0000000e+00   8.0487346e+00
   1.7280000e+00   8.0000000e+00   7.8741548e+00
   1.7290000e+00   8.0000000e+00   7.8457073e+00
   1.7300000e+00   8.0000000e+00   7.8896041e+00
   1.7310000e+00   8.0000000e+00   7.9226450e+00
   1.7320000e+00   8.0000000e+00   8.0262116e+00
   1.7330000e+00   8.0000000e+00   8.1306823e+00
   1.7340000e+00   8.0000000e+00   7.9366780e+00
   1.7350000e+00   8.0000000e+00   7.8430943e+00
   1.7360000e+00   8.0000000e+00   7.9187622e+00
   1.7370000e+00   8.0000000e+00   7.7617381e+00
   1.7380000e+00   8.0000000e+00   7.9167200e+00
   1.7390000e+00   8.0000000e+00   8.0536187e+00
   1.7400000e+00   8.0000000e+00   8.0737389e+00
   1.7410000e+00   8.0000000e+00   7.9222759e+00
   1.7420000e+00   8.0000000e+00   7.8560955e+00
   1.7430000e+00   8.0000000e+00   7.9910106e+00
   1.7440000e+00   8.0000000e+00   7.9839133e+00
   1.7450000e+00   8.0000000e+00   7.9279261e+00
   1.7460000e+00   8.0000000e+00   8.0340232e+00
   1.7470000e+00   8.0000000e+00   7.9872184e+00
   1.7480000e+00   8.0000000e+00   7.9809126e+00
   1.7490000e+00   8.0000000e+00   7.9211595e+00
   1.7500000e+00   8.0000000e+00   8.0538963e+00
   1.7510000e+00   8.0000000e+00   8.0758120e+00
   1.7520000e+00   8.0000000e+00   7.8864872e+00
   1.7530000e+00   8.0000000e+00   7.9476941e+00
   1.7540000e+00   8.0000000e+00   7.9875443e+00
   1.7550000e+00   8.0000000e+00   7.9518618e+00
   1.7560000e+00   8.0000000e+00   8.0400271e+00
   1.7570000e+00   8.0000000e+00   7.8239855e+00
   1.7580000e+00   8.0000000e+00   7.9479764e+00
   1.7590000e+00   8.0000000e+00   7.9418528e+00
   1.7600000e+00   8.0000000e+00   8.0947706e+00
   1.7610000e+00   8.0000000e+00   7.8899136e+00
   1.7620000e+00   8.0000000e+00   8.0430122e+00
   1.7630000e+00   8.0000000e+00   7.9461581e+00
   1.7640000e+00   8.0000000e+00   7.9909838e+00
   1.7650000e+00   8.0000000e+00   7.8977686e+00
   1.7660000e+00   8.0000000e+00   7.9514454e+00
   1.7670000e+00   8.0000000e+00   7.8586542e+00
   1.7680000e+00   8.0000000e+00   7.8967386e+00
   1.7690000e+00   8.0000000e+00   7.8892863e+00
   1.7700000e+00   8.0000000e+00   8.0307570e+00
   1.7710000e+00   8.0000000e+00   7.9217996e+00
   1.7720000e+00   8.0000000e+00   7.8781600e+00
   1.7730000e+00   8.0000000e+00   7.8304000e+00
   1.7740000e+00   8.0000000e+00   7.9729741e+00
   1.7750000e+00   8.0000000e+00   7.8572887e+00
   1.7760000e+00   8.0000000e+00   7.8804810e+00
   1.7770000e+00   8.0000000e+00   7.9058734e+00
   1.7780000e+00   8.0000000e+00   7.8630849e+00
   1.7790000e+00   8.0000000e+00   8.0060124e+00
   1.7800000e+00   8.0000000e+00   8.0338011e+00
   1.7810000e+00   8.0000000e+00   8.0346273e+00
   1.7820000e+00   8.0000000e+00   7.9312094e+00
   1.7830000e+00   8.0000000e+00   7.9932547e+00
   1.7840000e+00   8.0000000e+00   7.9670530e+00
   1.7850000e+00   8.0000000e+00   7.9631776e+00
   1.7860000e+00   8.0000000e+00   7.8080084e+00
   1.7870000e+00   8.0000000e+00   7.9474422e+00
   1.7880000e+00   8.0000000e+00   8.0728203e+00
   1.7890000e+00   8.0000000e+00   7.8968414e+00
   1.7900000e+00   8.0000000e+00   7.9853464e+00
   1.7910000e+00   8.0000000e+00   8.0237454e+00
   1.7920000e+00   8.0000000e+00   7.9428927e+00
   1.7930000e+00   8.0000000e+00   8.0220952e+00
   1.7940000e+00   8.0000000e+00   8.0009027e+00
   1.7950000e+00   8.0000000e+00   7.9805914e+00
   1.7960000e+00   8.0000000e+00   7.9981044e+00
   1.7970000e+00   8.0000000e+00   8.0649209e+00
   1.7980000e+00   8.0000000e+00   8.1022769e+00
   1.7990000e+00   8.0000000e+00   7.9861377e+00
   1.8000000e+00   8.0000000e+00   7.9692850e+00
   1.8010000e+00   8.0000000e+00   8.0307243e+00
   1.8020000e+00   8.0000000e+00   8.0244170e+00
   1.8030000e+00   8.0000000e+00   8.0079357e+00
   1.8040000e+00   8.0000000e+00   7.9408679e+00
   1.8050000e+00   8.0000000e+00   7.8258842e+00
   1.8060000e+00   8.0000000e+00   7.9537669e+00
   1.8070000e+00   8.0000000e+00   7.9071846e+00
   1.8080000e+00   8.0000000e+00   8.0001147e+00
   1.8090000e+00   8.0000000e+00   7.8279688e+00
   1.8100000e+00   8.0000000e+00   8.0417029e+00
   1.8110000e+00   8.0000000e+00   7.9925869e+00
   1.8120000e+00   8.0000000e+00   8.0047008e+00
   1.8130000e+00   8.0000000e+00   7.8976250e+00
   1.8140000e+00   8.0000000e+00   7.9295968e+00
   1.8150000e+00   8.0000000e+00   7.9795041e+00
   1.8160000e+00   8.0000000e+00   8.0390067e+00
   1.8170000e+00   8.0000000e+00   8.0373928e+00
   1.8180000e+00   8.0000000e+00   7.8955726e+00
   1.8190000e+00   8.0000000e+00   7.9696151e+00
   1.8200000e+00   8.0000000e+00   7.8681684e+00
   1.8210000e+00   8.0000000e+00   7.8213153e+00
   1.8220000e+00   8.0000000e+00   7.9318342e+00
   1.8230000e+00   8.0000000e+00   7.8907447e+00
   1.8240000e+00   8.0000000e+00   7.9427415e+00
   1.8250000e+00   8.0000000e+00   8.0200091e+00
   1.8260000e+00   8.0000000e+00   8.0333217e+00
   1.8270000e+00   8.0000000e+00   7.9517259e+00
   1.8280000e+00   8.0000000e+00   7.9367959e+00
   1.8290000e+00   8.0000000e+00   7.9351081e+00
   1.8300000e+00   8.0000000e+00   7.9105985e+00
   1.8310000e+00   8.0000000e+00   7.9972162e+00
   1.8320000e+00   8.0000000e+00   7.9349860e+00
   1.8330000e+00   8.0000000e+00   7.9975812e+00
   1.8340000e+00   8.0000000e+00   7.9013848e+00
   1.8350000e+00   8.0000000e+00   8.0257949e+00
   1.8360000e+00   8.0000000e+00   7.9296969e+00
   1.8370000e+00   8.0000000e+00   7.9734491e+00
   1.8380000e+00   8.0000000e+00   8.0203992e+00
   1.8390000e+00   8.0000000e+00   7.8855482e+00
   1.8400000e+00   8.0000000e+00   7.8602624e+00
   1.8410000e+00   8.0000000e+00   7.9095979e+00
   1.8420000e+00   8.0000000e+00   7.9570942e+00
   1.8430000e+00   8.0000000e+00   8.0207108e+00
   1.8440000e+00   8.0000000e+00   7.8463457e+00
   1.8450000e+00   8.0000000e+00   7.9259120e+00
   1.8460000e+00   8.0000000e+00   8.1005856e+00
   1.8470000e+00   8.0000000e+00   8.0746119e+00
   1.8480000e+00   8.0000000e+00   8.0218039e+00
   1.8490000e+00   8.0000000e+00   7.9907119e+00
   1.8500000e+00   8.0000000e+00   7.8429874e+00
   1.8510000e+00   8.0000000e+00   7.9484170e+00
   1.8520000e+00   8.0000000e+00   8.0332347e+00
   1.8530000e+00   8.0000000e+00   8.0358666e+00
   1.8540000e+00   8.0000000e+00   7.9037391e+00
   1.8550000e+00   8.0000000e+00   7.8090872e+00
   1.8560000e+00   8.0000000e+00   7.9297684e+00
   1.8570000e+00   8.0000000e+00   7.9566481e+00
   1.8580000e+00   8.0000000e+00   7.9791347e+00
   1.8590000e+00   8.0000000e+00   8.0986182e+00
   1.8600000e+00   8.0000000e+00   8.0594683e+00
   1.8610000e+00   8.0000000e+00   8.0121939e+00
   1.8620000e+00   8.0000000e+00   7.7956830e+00
   1.8630000e+00   8.0000000e+00   7.9514987e+00
   1.8640000e+00   8.0000000e+00   8.0322687e+00
   1.8650000e+00   8.0000000e+00   7.9591898e+00
   1.8660000e+00   8.0000000e+00   8.0294415e+00
   1.8670000e+00   8.0000000e+00   7.8848110e+00
   1.8680000e+00   8.0000000e+00   8.0844378e+00
   1.8690000e+00   8.0000000e+00   7.9299324e+00
   1.8700000e+00   8.0000000e+00   7.9605602e+00
   1.8710000e+00   8.0000000e+00   8.1213604e+00
   1.8720000e+00   8.0000000e+00   8.0322036e+00
   1.8730000e+00   8.0000000e+00   7.8988155e+00
   1.8740000e+00   8.0000000e+00   7.8868304e+00
   1.8750000e+00   8.0000000e+00   8.0759265e+00
   1.8760000e+00   8.0000000e+00   8.0390473e+00
   1.8770000e+00   8.0000000e+00   7.9379333e+00
   1.8780000e+00   8.0000000e+00   8.0015465e+00
   1.8790000e+00   8.0000000e+00   7.9644665e+00
   1.8800000e+00   8.0000000e+00   8.0020002e+00
   1.8810000e+00   8.0000000e+00   7.9613001e+00
   1.8820000e+00   8.0000000e+00   7.9470856e+00
   1.8830000e+00   8.0000000e+00   7.8960888e+00
   1.8840000e+00   8.0000000e+00   8.0248964e+00
   1.8850000e+00   8.0000000e+00   7.9143445e+00
   1.8860000e+00   8.0000000e+00   8.1024011e+00
   1.8870000e+00   8.0000000e+00   8.0015061e+00
   1.8880000e+00   8.0000000e+00   7.9361050e+00
   1.8890000e+00   8.0000000e+00   7.9954323e+00
   1.8900000e+00   8.0000000e+00   7.9486399e+00
   1.8910000e+00   8.0000000e+00   7.9187711e+00
   1.8920000e+00   8.0000000e+00   8.0214262e+00
   1.8930000e+00   8.0000000e+00   7.9446927e+00
   1.8940000e+00   8.0000000e+00   7.8864928e+00
   1.8950000e+00   8.0000000e+00   8.0023996e+00
   1.8960000e+00   8.0000000e+00   8.0512628e+00
   1.8970000e+00   8.0000000e+00   7.7979143e+00
   1.8980000e+00   8.0000000e+00   7.9629764e+00
   1.8990000e+00   8.0000000e+00   7.9687382e+00
   1.9000000e+00   8.0000000e+00   7.8201287e+00
   1.9010000e+00   8.0000000e+00   7.8992772e+00
   1.9020000e+00   8.0000000e+00   7.9411537e+00
   1.9030000e+00   8.0000000e+00   8.0259750e+00
   1.9040000e+00   8.0000000e+00   7.9871217e+00
   1.9050000e+00   8.0000000e+00   8.1002044e+00
   1.9060000e+00   8.0000000e+00   7.9798602e+00
   1.9070000e+00   8.0000000e+00   7.9459966e+00
   1.9080000e+00   8.0000000e+00   7.9785418e+00
   1.9090000e+00   8.0000000e+00   7.9132868e+00
   1.9100000e+00   8.0000000e+00   7.9028305e+00
   1.9110000e+00   8.0000000e+00   7.9318152e+00
   1.9120000e+00   8.0000000e+00   8.0532815e+00
   1.9130000e+00   8.0000000e+00   7.8931433e+00
   1.9140000e+00   8.0000000e+00   7.8689054e+00
   1.9150000e+00   8.0000000e+00   7.9957725e+00
   1.9160000e+00   8.0000000e+00   7.9912868e+00
   1.9170000e+00   8.0000000e+00   7.8748031e+00
   1.9180000e+00   8.0000000e+00   8.0251456e+00
   1.9190000e+00   8.0000000e+00   7.9918442e+00
   1.9200000e+00   8.0000000e+00   7.9699789e+00
   1.9210000e+00   8.0000000e+00   7.9813115e+00
   1.9220000e+00   8.0000000e+00   7.9152827e+00
   1.9230000e+00   8.0000000e+00   8.0697725e+00
   1.9240000e+00   8.0000000e+00   8.0057302e+00
   1.9250000e+00   8.0000000e+00   7.9224977e+00
   1.9260000e+00   8.0000000e+00   7.9755231e+00
   1.9270000e+00   8.0000000e+00   7.9688616e+00
   1.9280000e+00   8.0000000e+00   7.9457117e+00
   1.9290000e+00   8.0000000e+00   7.9138806e+00
   1.9300000e+00   8.0000000e+00   7.9987061e+00
   1.9310000e+00   8.0000000e+00   7.9413881e+00
   1.9320000e+00   8.0000000e+00   8.0229961e+00
   1.9330000e+00   8.0000000e+00   7.9380754e+00
   1.9340000e+00   8.0000000e+00   7.9607151e+00
   1.9350000e+00   8.0000000e+00   8.0015440e+00
   1.9360000e+00   8.0000000e+00   7.9921824e+00
   1.9370000e+00   8.0000000e+00   7.8962081e+00
   1.9380000e+00   8.0000000e+00   7.9712564e+00
   1.9390000e+00   8.0000000e+00   7.9032898e+00
   1.9400000e+00   8.0000000e+00   8.0464236e+00
   1.9410000e+00   8.0000000e+00   8.0801163e+00
   1.9420000e+00   8.0000000e+00   7.9616019e+00
   1.9430000e+00   8.0000000e+00   7.8806679e+00
   1.9440000e+00   8.0000000e+00   8.0156073e+00
   1.9450000e+00   8.0000000e+00   8.1055308e+00
   1.9460000e+00   8.0000000e+00   7.9759903e+00
   1.9470000e+00   8.0000000e+00   7.8974809e+00
   1.9480000e+00   8.0000000e+00   7.8980054e+00
   1.9490000e+00   8.0000000e+00   7.9762895e+00
   1.9500000e+00   8.0000000e+00   7.9695113e+00
   1.9510000e+00   8.0000000e+00   8.1168622e+00
   1.9520000e+00   8.0000000e+00   7.9282204e+00
   1.9530000e+00   8.0000000e+00   7.9653220e+00
   1.9540000e+00   8.0000000e+00   7.9115214e+00
   1.9550000e+00   8.0000000e+00   7.9741910e+00
   1.9560000e+00   8.0000000e+00   8.0841227e+00
   1.9570000e+00   8.0000000e+00   7.9958055e+00
   1.9580000e+00   8.0000000e+00   7.9966329e+00
   1.9590000e+00   8.0000000e+00   8.0867406e+00
   1.9600000e+00   8.0000000e+00   7.9840090e+00
   1.9610000e+00   8.0000000e+00   8.0143370e+00
   1.9620000e+00   8.0000000e+00   7.9869557e+00
   1.9630000e+00   8.0000000e+00   7.9972277e+00
   1.9640000e+00   8.0000000e+00   7.8415701e+00
   1.9650000e+00   8.0000000e+00   8.0748997e+00
   1.9660000e+00   8.0000000e+00   7.9364637e+00
   1.9670000e+00   8.0000000e+00   7.9910861e+00
   1.9680000e+00   8.0000000e+00   8.0085398e+00
   1.9690000e+00   8.0000000e+00   7.8616340e+00
   1.9700000e+00   8.0000000e+00   7.9132487e+00
   1.9710000e+00   8.0000000e+00   7.9804555e+00
   1.9720000e+00   8.0000000e+00   7.8772501e+00
   1.9730000e+00   8.0000000e+00   8.0713142e+00
   1.9740000e+00   8.0000000e+00   7.6880327e+00
   1.9750000e+00   8.0000000e+00   7.8945696e+00
   1.9760000e+00   8.0000000e+00   8.0615338e+00
   1.9770000e+00   8.0000000e+00   7.9681078e+00
   1.9780000e+00   8.0000000e+00   8.0467288e+00
   1.9790000e+00   8.0000000e+00   8.0829497e+00
   1.9800000e+00   8.0000000e+00   7.9772225e+00
   1.9810000e+00   8.0000000e+00   8.0002570e+00
   1.9820000e+00   8.0000000e+00   8.0325540e+00
   1.9830000e+00   8.0000000e+00   8.0747138e+00
   1.9840000e+00   8.0000000e+00   7.9589790e+00
   1.9850000e+00   8.0000000e+00   7.9659313e+00
   1.9860000e+00   8.0000000e+00   7.9538328e+00
   1.9870000e+00   8.0000000e+00   8.0436010e+00
   1.9880000e+00   8.0000000e+00   7.9523863e+00
   1.9890000e+00   8.0000000e+00   8.0574682e+00
   1.9900000e+00   8.0000000e+00   7.8400095e+00
   1.9910000e+00   8.0000000e+00   7.8785995e+00
   1.9920000e+00   8.0000000e+00   7.9863684e+00
   1.9930000e+00   8.0000000e+00   8.0191701e+00
   1.9940000e+00   8.0000000e+00   8.0451271e+00
   1.9950000e+00   8.0000000e+00   7.9940543e+00
   1.9960000e+00   8.0000000e+00   7.9183764e+00
   1.9970000e+00   8.0000000e+00   8.0443992e+00
   1.9980000e+00   8.0000000e+00   7.8416985e+00
   1.9990000e+00   8.0000000e+00   8.0841049e+00
   2.0000000e+00   8.0000000e+00   8.0013027e+00
