24811632	2.55	2.55	23.67
24813832	2.55	2.55	28.45
24816068	2.55	2.55	28.41
24818292	2.55	2.55	23.71
24820464	2.55	2.55	28.40
24822692	2.55	2.55	28.46
24824940	2.55	2.55	23.67
24827112	2.55	2.55	28.45
24829324	2.55	2.55	28.41
24831548	2.55	2.55	23.71
24833720	2.55	2.55	28.40
24835948	2.55	2.55	28.46
24838168	2.55	2.55	28.40
24840360	2.55	2.55	23.71
24842560	2.55	2.55	28.40
24844812	2.55	2.55	28.20
24847028	2.55	2.55	23.89
24849200	2.55	2.55	28.45
24851420	2.55	2.55	28.41
24853616	2.55	2.55	23.71
24855824	2.55	2.55	28.40
24858068	2.55	2.55	28.46
24860260	2.55	2.55	23.67
24862448	2.55	2.55	28.45
24864684	2.55	2.55	28.41
24866916	2.55	2.55	23.71
24869080	2.55	2.55	28.40
24871304	2.55	2.55	28.46
24873540	2.55	2.55	28.15
24875712	2.55	2.55	23.93
24877920	2.55	2.55	28.40
24880152	2.55	2.55	28.46
24882352	2.55	2.55	23.67
24884552	2.55	2.55	28.45
24886780	2.55	2.55	28.41
24888988	2.55	2.55	23.71
24891184	2.55	2.55	28.40
24893412	2.55	2.55	28.46
24895640	2.55	2.55	28.20
24897808	2.55	2.55	23.89
24900024	2.55	2.55	28.41
24902252	2.55	2.55	28.45
24904440	2.55	2.55	23.67
24906648	2.55	2.55	28.46
24908888	2.55	2.55	28.40
24911092	2.55	2.55	23.71
24913280	2.55	2.55	28.41
24915508	2.55	2.55	28.45
24917740	2.55	2.55	23.67
24919912	2.55	2.55	28.45
24922140	2.55	2.55	28.41
24924352	2.55	2.55	28.45
24926544	2.55	2.55	23.67
24928752	2.55	2.55	28.46
24930992	2.55	2.55	28.25
24933188	2.55	2.55	23.84
24935384	2.55	2.55	28.41
24937616	2.55	2.55	28.45
24939828	2.55	2.55	28.36
24942016	2.55	2.55	23.67
24944220	2.55	2.55	28.51
24946468	2.55	2.55	28.20
24948660	2.55	2.55	23.89
24950852	2.55	2.55	28.45
24953084	2.55	2.55	28.41
24955316	2.55	2.55	23.71
24957480	2.55	2.55	28.41
24959704	2.55	2.55	28.45
24961940	2.55	2.55	28.30
24964120	2.55	2.55	23.80
24966324	2.55	2.55	28.40
24968548	2.55	2.55	28.46
24970780	2.55	2.55	23.67
24972952	2.55	2.55	28.45
24975164	2.55	2.55	28.41
24977420	2.55	2.55	23.71
24979608	2.55	2.55	28.40
24981800	2.55	2.55	28.46
24984028	2.55	2.55	28.35
24986252	2.55	2.55	28.25
24988440	2.55	2.55	23.89
24990632	2.55	2.55	28.45
24992900	2.55	2.55	23.67
24995048	2.55	2.55	28.45
24997272	2.55	2.55	28.41
24999492	2.55	2.55	28.45
25001680	2.55	2.55	23.67
25003888	2.55	2.55	28.46
25006128	2.55	2.55	28.40
25008348	2.55	2.55	23.71
25010520	2.55	2.55	28.41
25012748	2.55	2.55	28.45
25014980	2.55	2.55	28.25
25017152	2.55	2.55	23.84
25019360	2.55	2.55	28.40
25021616	2.55	2.55	28.20
25023804	2.55	2.55	23.89
25025996	2.55	2.55	28.35
25028220	2.55	2.55	28.51
25030452	2.55	2.55	23.71
25032624	2.55	2.55	28.41
25034852	2.55	2.55	28.45
25037076	2.55	2.55	28.20
25039248	2.55	2.55	23.89
25041464	2.55	2.55	28.40
25043692	2.55	2.55	28.46
25045900	2.55	2.55	23.67
25048092	2.55	2.55	28.45
25050328	2.55	2.55	28.41
25052548	2.55	2.55	23.71
25054720	2.55	2.55	28.40
25056928	2.55	2.55	28.46
25059164	2.55	2.55	28.40
25061396	2.55	2.55	23.71
25063564	2.55	2.55	28.41
25065788	2.55	2.55	28.45
25068028	2.55	2.55	23.63
25070188	2.55	2.55	28.51
25072412	2.55	2.55	28.40
25074628	2.55	2.55	28.46
25076828	2.55	2.55	23.67
25079032	2.55	2.55	28.46
25081260	2.55	2.55	28.40
25083492	2.55	2.55	23.71
25085664	2.55	2.55	28.41
25087884	2.55	2.55	28.45
25090112	2.55	2.55	28.36
25092292	2.55	2.55	23.76
25094504	2.55	2.55	28.40
25096732	2.55	2.55	28.46
25098940	2.55	2.55	23.67
25101128	2.55	2.55	28.45
25103368	2.55	2.55	28.41
25105592	2.55	2.55	28.20
25107760	2.55	2.55	23.89
25109972	2.55	2.55	28.46
25112220	2.55	2.55	23.67
25114392	2.55	2.55	28.46
25116612	2.55	2.55	28.40
25118832	2.55	2.55	28.46
25121040	2.55	2.55	23.67
25123240	2.55	2.55	28.45
25125456	2.55	2.55	28.41
25127668	2.55	2.55	23.71
25129864	2.55	2.55	28.40
25132096	2.55	2.55	28.46
25134300	2.55	2.55	28.35
25136488	2.55	2.55	23.76
25138704	2.55	2.55	28.41
25140932	2.55	2.55	28.45
25143140	2.55	2.55	23.67
25145328	2.55	2.55	28.46
25147568	2.55	2.55	28.40
25149788	2.55	2.55	28.20
25151960	2.55	2.55	23.88
25154168	2.55	2.55	28.46
25156404	2.55	2.55	28.35
25158612	2.55	2.55	23.76
25160804	2.55	2.55	28.41
25163028	2.55	2.55	28.45
25165268	2.55	2.55	23.38
25167432	2.55	2.55	28.82
25169644	2.55	2.55	28.40
25171868	2.55	2.55	28.46
25174092	2.55	2.55	23.67
25176272	2.55	2.55	28.45
25178500	2.55	2.55	28.41
25180732	2.55	2.55	23.71
25182928	2.55	2.55	28.40
25185120	2.55	2.55	28.46
25187360	2.55	2.55	28.20
25189532	2.55	2.55	23.89
25191744	2.55	2.55	28.41
25193972	2.55	2.55	28.45
25196204	2.55	2.55	23.67
25198376	2.55	2.55	28.45
25200584	2.55	2.55	28.41
25202832	2.55	2.55	28.15
25205020	2.55	2.55	23.93
25207216	2.55	2.55	28.46
25209444	2.55	2.55	28.40
25211668	2.55	2.55	23.71
25213840	2.55	2.55	28.41
25216056	2.55	2.55	28.45
25218284	2.55	2.55	28.41
25220472	2.55	2.55	23.71
25222680	2.55	2.55	28.40
25224908	2.55	2.55	28.46
25227140	2.55	2.55	23.67
25229324	2.55	2.55	28.45
25231532	2.55	2.55	28.41
25233768	2.55	2.55	28.20
25235944	2.55	2.55	23.89
25238152	2.55	2.55	28.45
25240380	2.55	2.55	28.41
25242612	2.55	2.55	23.71
25244788	2.55	2.55	28.40
25247012	2.55	2.55	28.46
25249260	2.55	2.55	23.67
25251408	2.55	2.55	28.45
25253644	2.55	2.55	28.41
25255852	2.55	2.55	28.45
25258048	2.55	2.55	23.67
25260248	2.55	2.55	28.46
25262496	2.55	2.55	28.20
25264692	2.55	2.55	23.89
25266884	2.55	2.55	28.41
25269108	2.55	2.55	28.45
25271312	2.55	2.55	23.67
25273516	2.55	2.55	28.45
25275740	2.55	2.55	28.41
25277948	2.55	2.55	23.71
25280144	2.55	2.55	28.40
25282372	2.55	2.55	28.46
25284604	2.55	2.55	28.15
25286780	2.55	2.55	23.93
25288984	2.55	2.55	28.41
25291236	2.55	2.55	28.10
25293400	2.55	2.55	23.97
25295628	2.55	2.55	28.46
25297844	2.55	2.55	28.40
25300040	2.55	2.55	23.71
25302240	2.55	2.55	28.41
25304488	2.55	2.55	28.20
25306684	2.55	2.55	23.89
25308872	2.55	2.55	28.46
25311100	2.55	2.55	28.40
25313296	2.55	2.55	23.71
25315508	2.55	2.55	28.40
25317732	2.55	2.55	28.46
25319964	2.55	2.55	23.67
25322128	2.55	2.55	28.45
25324364	2.55	2.55	28.41
25326572	2.55	2.55	28.45
25328768	2.55	2.55	23.67
25330968	2.55	2.55	28.46
25333228	2.55	2.55	28.05
25335436	2.55	2.55	24.02
25337604	2.55	2.55	28.41
25339828	2.55	2.55	28.45
25342032	2.55	2.55	23.67
25344232	2.55	2.55	28.46
25346460	2.55	2.55	28.40
25348692	2.55	2.55	23.71
25350864	2.55	2.55	28.40
25353092	2.55	2.55	28.46
25355328	2.55	2.55	28.15
25357492	2.55	2.55	23.93
25359704	2.55	2.55	28.41
25361932	2.55	2.55	28.45
25364140	2.55	2.55	23.67
25366328	2.55	2.55	28.46
25368564	2.55	2.55	28.40
25370792	2.55	2.55	28.20
25372960	2.55	2.55	23.89
25375172	2.55	2.55	28.35
25377420	2.55	2.55	28.25
25379612	2.55	2.55	23.93
25381800	2.55	2.55	28.40
25384032	2.55	2.55	28.46
25386260	2.55	2.55	28.15
25388448	2.55	2.55	23.93
25390640	2.55	2.55	28.40
25392892	2.55	2.55	23.71
25395064	2.55	2.55	28.41
25397288	2.55	2.55	28.45
25399504	2.55	2.55	28.41
25401732	2.55	2.55	23.71
25403920	2.55	2.55	28.40
25406132	2.55	2.55	28.46
25408364	2.55	2.55	28.15
25410528	2.55	2.55	23.93
25412748	2.55	2.55	28.41
25414972	2.55	2.55	28.45
25417204	2.55	2.55	23.63
25419364	2.55	2.55	28.51
25421600	2.55	2.55	28.40
25423812	2.55	2.55	23.71
25426004	2.55	2.55	28.40
25428228	2.55	2.55	28.46
25430444	2.55	2.55	28.40
25432648	2.55	2.55	23.71
25434840	2.55	2.55	28.41
25437068	2.55	2.55	28.45
25439292	2.55	2.55	23.67
25441476	2.55	2.55	28.46
25443700	2.55	2.55	28.40
25445908	2.55	2.55	28.46
25448104	2.55	2.55	23.67
25450312	2.55	2.55	28.45
25452540	2.55	2.55	28.41
25454756	2.55	2.55	23.71
25456944	2.55	2.55	28.40
25459172	2.55	2.55	28.41
25461380	2.55	2.55	28.45
25463568	2.55	2.55	23.71
25465784	2.55	2.55	28.41
25468024	2.55	2.55	28.30
25470220	2.55	2.55	23.80
25472416	2.55	2.55	28.45
25474644	2.55	2.55	28.41
25476868	2.55	2.55	23.71
25479040	2.55	2.55	28.40
25481272	2.55	2.55	28.46
25483496	2.55	2.55	28.20
25485672	2.55	2.55	23.89
25487880	2.55	2.55	28.41
25490108	2.55	2.55	28.45
25492324	2.55	2.55	23.67
25494512	2.55	2.55	28.46
25496744	2.55	2.55	28.40
25498972	2.55	2.55	23.71
25501168	2.55	2.55	28.41
25503364	2.55	2.55	28.45
25505580	2.55	2.55	28.41
25507768	2.55	2.55	23.71
25509988	2.55	2.55	28.41
25512224	2.55	2.55	28.25
25514428	2.55	2.55	23.84
25516608	2.55	2.55	28.46
25518844	2.55	2.55	28.40
25521052	2.55	2.55	28.46
25523248	2.55	2.55	23.67
25525448	2.55	2.55	28.45
25527684	2.55	2.55	28.41
25529892	2.55	2.55	23.71
25532080	2.55	2.55	28.40
25534308	2.55	2.55	28.46
25536544	2.55	2.55	28.15
25538716	2.55	2.55	23.93
25540920	2.55	2.55	28.41
25543148	2.55	2.55	28.45
25545344	2.55	2.55	23.67
25547552	2.55	2.55	28.45
25549780	2.55	2.55	28.41
25552016	2.55	2.55	28.20
25554184	2.55	2.55	23.89
25556400	2.55	2.55	28.46
25558644	2.55	2.55	23.46
25560808	2.55	2.55	28.71
25563032	2.55	2.55	28.41
25565256	2.55	2.55	28.45
25567484	2.55	2.55	28.15
25569656	2.55	2.55	23.93
25571864	2.55	2.55	28.40
25574108	2.55	2.55	28.20
25576300	2.55	2.55	23.89
25578492	2.55	2.55	28.45
25580728	2.55	2.55	28.41
25582912	2.55	2.55	23.71
25585120	2.55	2.55	28.40
25587348	2.55	2.55	28.46
25589580	2.55	2.55	23.67
25591776	2.55	2.55	28.46
25593980	2.55	2.55	28.40
25596188	2.55	2.55	28.46
25598384	2.55	2.55	23.67
25600592	2.55	2.55	28.45
25602820	2.55	2.55	28.41
25605028	2.55	2.55	23.71
25607228	2.55	2.55	28.40
25609452	2.55	2.55	28.46
25611684	2.55	2.55	28.15
25613848	2.55	2.55	23.93
25616072	2.55	2.55	28.41
25618304	2.55	2.55	28.25
25620504	2.55	2.55	23.84
25622700	2.55	2.55	28.46
25624924	2.55	2.55	28.40
25627112	2.55	2.55	23.71
25629320	2.55	2.55	28.40
25631548	2.55	2.55	28.46
25633764	2.55	2.55	23.67
25635956	2.55	2.55	28.45
25638180	2.55	2.55	28.41
25640428	2.55	2.55	23.71
25642584	2.55	2.55	28.40
25644812	2.55	2.55	28.46
25647020	2.55	2.55	23.67
25649212	2.55	2.55	28.45
25651444	2.55	2.55	28.41
25653656	2.55	2.55	28.30
25655840	2.55	2.55	23.80
25658048	2.55	2.55	28.46
25660284	2.55	2.55	28.40
25662500	2.55	2.55	23.71
25664684	2.55	2.55	28.40
25666908	2.55	2.55	28.46
25669140	2.55	2.55	23.67
25671312	2.55	2.55	28.45
25673540	2.55	2.55	28.41
25675748	2.55	2.55	23.71
25677948	2.55	2.55	28.40
25680172	2.55	2.55	28.46
25682404	2.55	2.55	28.05
25684568	2.55	2.55	24.02
25686784	2.55	2.55	28.41
25689028	2.55	2.55	23.71
25691204	2.55	2.55	28.40
25693424	2.55	2.55	28.46
25695644	2.55	2.55	28.40
25697848	2.55	2.55	23.71
25700040	2.55	2.55	28.41
25702264	2.55	2.55	28.45
25704508	2.55	2.55	23.67
25706676	2.55	2.55	28.45
25708900	2.55	2.55	28.41
25711108	2.55	2.55	28.45
25713304	2.55	2.55	23.67
25715512	2.55	2.55	28.46
25717740	2.55	2.55	28.40
25719956	2.55	2.55	23.71
25722144	2.55	2.55	28.41
25724384	2.55	2.55	28.35
25726580	2.55	2.55	28.51
25728768	2.55	2.55	23.71
25730984	2.55	2.55	28.40
25733216	2.55	2.55	28.41
25735420	2.55	2.55	23.71
25737608	2.55	2.55	28.45
25739844	2.55	2.55	28.41
25742064	2.55	2.55	28.20
25744240	2.55	2.55	23.88
25746452	2.55	2.55	28.46
25748688	2.55	2.55	28.41
25750892	2.55	2.55	23.71
25753080	2.55	2.55	28.41
25755308	2.55	2.55	28.46
25757540	2.55	2.55	23.67
25759720	2.55	2.55	28.46
25761932	2.55	2.55	28.41
25764172	2.55	2.55	28.20
25766344	2.55	2.55	23.84
25768548	2.55	2.55	28.51
25770780	2.55	2.55	28.41
25773008	2.55	2.55	28.20
25775208	2.55	2.55	23.89
25777404	2.55	2.55	28.46
25779644	2.55	2.55	23.67
25781808	2.55	2.55	28.46
25784032	2.55	2.55	28.40
25786252	2.55	2.55	28.46
25788444	2.55	2.55	23.67
25790668	2.55	2.55	28.45
25792884	2.55	2.55	28.41
25795108	2.55	2.55	23.72
25797280	2.55	2.55	28.40
25799500	2.55	2.55	28.46
25801724	2.55	2.55	28.36
25803916	2.55	2.55	23.75
25806120	2.55	2.55	28.41
25808356	2.55	2.55	28.36
25810564	2.55	2.55	23.75
25812752	2.55	2.55	28.46
25814980	2.55	2.55	28.41
25817216	2.55	2.55	28.30
25819384	2.55	2.55	23.80
25821592	2.55	2.55	28.46
25823828	2.55	2.55	28.30
25826028	2.55	2.55	23.80
25828224	2.55	2.55	28.41
25830456	2.55	2.55	28.45
25832664	2.55	2.55	28.41
25834848	2.55	2.55	23.72
25837064	2.55	2.55	28.40
25839292	2.55	2.55	28.46
25841524	2.55	2.55	23.67
25843688	2.55	2.55	28.45
25845920	2.55	2.55	28.41
25848148	2.55	2.55	28.20
25850320	2.55	2.55	23.88
25852528	2.55	2.55	28.46
25854764	2.55	2.55	28.41
25856972	2.55	2.55	23.71
25859164	2.55	2.55	28.41
25861388	2.55	2.55	28.46
25863620	2.55	2.55	28.25
25865792	2.55	2.55	23.84
25868000	2.55	2.55	28.41
25870252	2.55	2.55	28.25
25872448	2.55	2.55	23.85
25874632	2.55	2.55	28.46
25876860	2.55	2.55	28.40
25879092	2.55	2.55	28.30
25881264	2.55	2.55	23.80
25883468	2.55	2.55	28.45
25885712	2.55	2.55	28.30
25887912	2.55	2.55	23.80
25890104	2.55	2.55	28.40
25892332	2.55	2.55	28.46
25894564	2.55	2.55	28.15
25896728	2.55	2.55	23.93
25898944	2.55	2.55	28.41
25901176	2.55	2.55	28.46
25903380	2.55	2.55	23.67
25905576	2.55	2.55	28.46
25907804	2.55	2.55	28.41
25910012	2.55	2.55	28.40
25912200	2.55	2.55	23.72
25914412	2.55	2.55	28.46
25916644	2.55	2.55	28.40
25918852	2.55	2.55	23.72
25921040	2.55	2.55	28.41
25923268	2.55	2.55	28.45
25925484	2.55	2.55	28.41
25927672	2.55	2.55	23.72
25929884	2.55	2.55	28.40
25932108	2.55	2.55	28.46
25934340	2.55	2.55	23.67
25936508	2.55	2.55	28.45
25938732	2.55	2.55	28.41
25940948	2.55	2.55	28.46
25943172	2.55	2.55	23.67
25945352	2.55	2.55	28.46
25947588	2.55	2.55	28.41
25949812	2.55	2.55	23.71
25951984	2.55	2.55	28.41
25954192	2.55	2.55	28.46
25956424	2.55	2.55	28.40
25958652	2.55	2.55	23.72
25960848	2.55	2.55	28.41
25963044	2.55	2.55	28.45
25965284	2.55	2.55	23.67
25967448	2.55	2.55	28.46
25969672	2.55	2.55	28.40
25971896	2.55	2.55	28.46
25974080	2.55	2.55	23.67
25976308	2.55	2.55	28.45
25978524	2.55	2.55	28.41
25980748	2.55	2.55	28.15
25982920	2.55	2.55	23.93
25985132	2.55	2.55	28.46
25987364	2.55	2.55	28.41
25989580	2.55	2.55	23.71
25991772	2.55	5.00	28.41
25993980	2.55	5.00	28.46
25996196	2.55	5.00	28.40
25998456	2.55	5.00	32.96
26000632	2.55	5.00	28.61
26002872	2.55	5.00	33.20
26005052	2.55	5.00	37.61
26007264	2.55	5.00	33.44
26009476	2.55	5.00	37.87
26011688	2.55	5.00	37.94
26013904	2.55	5.00	37.88
26016104	2.55	5.00	37.94
26018300	2.55	5.00	42.53
26020520	2.55	5.00	38.01
26022772	2.55	5.00	42.61
26024984	2.55	5.00	42.68
26027160	2.55	5.00	42.61
26029360	2.55	5.00	42.68
26031568	2.55	5.00	42.61
26033784	2.55	5.00	47.43
26035992	2.55	5.00	42.61
26038236	2.55	5.00	47.42
26040448	2.55	5.00	46.92
26042616	2.55	5.00	43.08
26044836	2.55	5.00	47.34
26047044	2.55	5.00	47.43
26049260	2.55	5.00	47.34
26051468	2.55	5.00	47.43
26053712	2.55	5.00	47.34
26055916	2.55	5.00	51.70
26058096	2.55	5.00	47.77
26060308	2.55	5.00	47.43
26062548	2.55	5.00	51.61
26064756	2.55	5.00	47.86
26066932	2.55	5.00	47.34
26069152	2.55	5.00	52.17
26071356	2.55	5.00	47.34
26073572	2.55	5.00	51.98
26075768	2.55	5.00	47.51
26078016	2.55	5.00	52.17
26080228	2.55	5.00	47.34
26082408	2.55	5.00	52.17
26084640	2.55	5.00	51.61
26086856	2.55	5.00	47.86
26089032	2.55	5.00	52.08
26091288	2.55	5.00	51.70
26093484	2.55	5.00	47.77
26095672	2.55	5.00	52.17
26097880	2.55	5.00	52.07
26100080	2.55	5.00	52.17
26102320	2.55	5.00	46.92
26104528	2.55	5.00	52.65
26106728	2.55	5.00	52.08
26108956	2.55	5.00	52.17
26111144	2.55	5.00	52.07
26113344	2.55	5.00	52.17
26115560	2.55	5.00	51.98
26117760	2.55	5.00	52.27
26119976	2.55	5.00	52.07
26122184	2.55	5.00	52.17
26124400	2.55	5.00	52.07
26126600	2.55	5.00	52.17
26128816	2.55	5.00	52.08
26131056	2.55	5.00	52.17
26133248	2.55	5.00	52.07
26135468	2.55	5.00	52.17
26137688	2.55	5.00	52.07
26139888	2.55	5.00	56.41
26142104	2.55	5.00	47.77
26144288	2.55	5.00	56.70
26146536	2.55	5.00	51.89
26148712	2.55	5.00	52.26
26150944	2.55	5.00	52.07
26153128	2.55	5.00	52.45
26155384	2.55	5.00	51.89
26157556	2.55	5.00	52.18
26159792	2.55	5.00	52.17
26161960	2.55	5.00	52.26
26164208	2.55	5.00	52.07
26166424	2.55	5.00	52.17
26168592	2.55	5.00	52.08
26170808	2.55	5.00	52.17
26173044	2.55	5.00	52.07
26175224	2.55	5.00	52.17
26177460	2.55	5.00	52.07
26179672	2.55	5.00	52.18
26181884	2.55	5.00	52.07
26184064	2.55	5.00	52.17
26186304	2.55	5.00	52.07
26188512	2.55	5.00	52.17
26190720	2.55	5.00	56.30
26192928	2.55	5.00	52.45
26195120	2.55	5.00	52.26
26197324	2.55	5.00	52.18
26199540	2.55	5.00	51.98
26201772	2.55	5.00	52.26
26203940	2.55	5.00	52.07
26206192	2.55	5.00	52.17
26208408	2.55	5.00	56.30
26210584	2.55	5.00	52.65
26212800	2.55	5.00	52.07
26215000	2.55	5.00	52.18
26217244	2.55	5.00	52.07
26219432	2.55	5.00	52.17
26221672	2.55	5.00	52.07
26223872	2.55	5.00	56.51
26226088	2.55	5.00	52.45
26228264	2.55	5.00	52.17
26230488	2.55	5.00	52.07
26232712	2.55	5.00	52.17
26234944	2.55	5.00	56.41
26237144	2.55	5.00	52.55
26239312	2.55	5.00	52.07
26241552	2.55	5.00	52.18
26243760	2.55	5.00	52.07
26245960	2.55	5.00	56.40
26248152	2.55	5.00	52.55
26250368	2.55	5.00	52.18
26252604	2.55	5.00	52.07
26254816	2.55	5.00	52.17
26257024	2.55	5.00	56.30
26259200	2.55	5.00	52.65
26261416	2.55	5.00	52.07
26263660	2.55	5.00	52.17
26265864	2.55	5.00	52.07
26268072	2.55	5.00	56.41
26270288	2.55	5.00	52.55
26272464	2.55	5.00	52.17
26274700	2.55	5.00	52.08
26276920	2.55	5.00	52.17
26279140	2.55	5.00	56.50
26281328	2.55	5.00	52.45
26283540	2.55	5.00	52.08
26285720	2.55	5.00	52.17
26287960	2.55	5.00	56.60
26290144	2.55	5.00	52.37
26292388	2.55	5.00	52.07
26294592	2.55	5.00	52.17
26296824	2.55	5.00	56.10
26298984	2.55	5.00	52.85
26301220	2.55	5.00	52.07
26303380	2.55	5.00	52.17
26305648	2.55	5.00	56.30
26307856	2.55	5.00	52.65
26310032	2.55	5.00	52.07
26312256	2.55	5.00	52.17
26314480	2.55	5.00	52.07
26316664	2.55	5.00	56.92
26318908	2.55	5.00	52.07
26321088	2.55	5.00	52.17
26323320	2.55	5.00	56.30
26325504	2.55	5.00	52.65
26327712	2.55	5.00	52.07
26329952	2.55	5.00	51.70
26332176	2.55	5.00	56.92
26334352	2.55	5.00	52.55
26336584	2.55	5.00	52.07
26338808	2.55	5.00	56.41
26340976	2.55	5.00	52.55
26343208	2.55	5.00	52.17
26345424	2.55	5.00	51.61
26347640	2.55	5.00	57.44
26349844	2.55	5.00	52.07
26352048	2.55	5.00	52.17
26354232	2.55	5.00	56.81
26356440	2.55	5.00	52.17
26358656	2.55	5.00	52.07
26360896	2.55	5.00	56.61
26363080	2.55	5.00	52.36
26365308	2.55	5.00	52.17
26367520	2.55	5.00	56.30
26369704	2.55	5.00	52.55
26371912	2.55	5.00	52.17
26374160	2.55	5.00	52.17
26376376	2.55	5.00	56.71
26378544	2.55	5.00	52.26
26380768	2.55	5.00	52.07
26382992	2.55	5.00	56.41
26385208	2.55	5.00	52.55
26387412	2.55	5.00	52.17
26389632	2.55	5.00	52.07
26391800	2.55	5.00	56.92
26394044	2.55	5.00	52.07
26396224	2.55	5.00	52.17
26398440	2.55	5.00	56.71
26400640	2.55	5.00	52.26
26402864	2.55	5.00	52.07
26405072	2.55	5.00	56.92
26407272	2.55	5.00	52.07
26409480	2.55	5.00	52.17
26411696	2.55	5.00	56.81
26413932	2.55	5.00	52.17
26416152	2.55	5.00	56.30
26418328	2.55	5.00	52.65
26420544	2.55	5.00	52.08
26422792	2.55	5.00	56.40
26424984	2.55	5.00	52.55
26427192	2.55	5.00	56.41
26429376	2.55	5.00	52.55
26431592	2.55	5.00	52.17
26433792	2.55	5.00	56.81
26436028	2.55	5.00	52.17
26438240	2.55	5.00	56.30
26440424	2.55	5.00	52.65
26442664	2.55	5.00	52.07
26444848	2.55	5.00	56.91
26447092	2.55	5.00	52.08
26449280	2.55	5.00	56.40
26451472	2.55	5.00	52.55
26453696	2.55	5.00	52.17
26455920	2.55	5.00	56.30
26458104	2.55	5.00	52.65
26460312	2.55	5.00	52.07
26462552	2.55	5.00	56.41
26464736	2.55	5.00	52.45
26466972	2.55	5.00	52.26
26469184	2.55	5.00	56.30
26471360	2.55	5.00	52.65
26473608	2.55	5.00	52.07
26475808	2.55	5.00	56.30
26477992	2.55	5.00	52.65
26480216	2.55	5.00	52.17
26482440	2.55	5.00	56.30
26484624	2.55	5.00	52.65
26486848	2.55	5.00	52.07
26489048	2.55	5.00	56.91
26491284	2.55	5.00	52.08
26493464	2.55	5.00	52.17
26495672	2.55	5.00	56.81
26497912	2.55	5.00	52.18
26500140	2.55	5.00	56.50
26502312	2.55	5.00	52.45
26504544	2.55	5.00	52.07
26506728	2.55	5.00	56.71
26508936	2.55	5.00	52.26
26511144	2.55	5.00	56.92
26513380	2.55	5.00	52.07
26515612	2.55	5.00	56.60
26517804	2.55	5.00	52.37
26519992	2.55	5.00	56.70
26522220	2.55	5.00	52.26
26524432	2.55	5.00	56.41
26526648	2.55	5.00	52.55
26528852	2.55	5.00	56.40
26531068	2.55	5.00	52.56
26533272	2.55	5.00	56.40
26535456	2.55	5.00	52.55
26537672	2.55	5.00	56.61
26539900	2.55	5.00	52.36
26542136	2.55	5.00	52.17
26544332	2.55	5.00	56.81
26546528	2.55	5.00	56.60
26548752	2.55	5.00	52.27
26550956	2.55	5.00	51.79
26553136	2.55	5.00	57.32
26555368	2.55	5.00	52.17
26557612	2.55	5.00	56.81
26559788	2.55	5.00	52.17
26562000	2.55	5.00	56.51
26564184	2.55	5.00	52.45
26566392	2.55	5.00	52.07
26568600	2.55	5.00	56.92
26570852	2.55	5.00	52.07
26573048	2.55	5.00	52.17
26575232	2.55	5.00	56.81
26577472	2.55	5.00	52.18
26579680	2.55	5.00	52.07
26581864	2.55	5.00	56.91
26584108	2.55	5.00	52.08
26586320	2.55	5.00	52.17
26588496	2.55	5.00	56.81
26590732	2.55	5.00	52.07
26592944	2.55	5.00	56.41
26595120	2.55	5.00	52.65
26597348	2.55	5.00	52.07
26599576	2.55	5.00	56.41
26601752	2.55	5.00	52.55
26604000	2.55	5.00	52.17
26606216	2.55	5.00	56.61
26608416	2.55	5.00	52.36
26610624	2.55	5.00	56.30
26612808	2.55	5.00	52.65
26615024	2.55	5.00	52.07
26617224	2.55	5.00	56.81
26619464	2.55	5.00	52.18
26621672	2.55	5.00	52.17
26623880	2.55	5.00	56.81
26626096	2.55	5.00	52.17
26628328	2.55	5.00	56.30
26630480	2.55	5.00	52.65
26632720	2.55	5.00	51.61
26634904	2.55	5.00	57.44
26637108	2.55	5.00	52.07
26639352	2.55	5.00	56.41
26641572	2.55	5.00	52.55
26643768	2.55	5.00	52.17
26645992	2.55	5.00	56.81
26648192	2.55	5.00	52.18
26650400	2.55	5.00	52.07
26652584	2.55	5.00	56.91
26654832	2.55	5.00	52.08
26657040	2.55	5.00	56.70
26659244	2.55	5.00	52.26
26661448	2.55	5.00	56.41
26663632	2.55	5.00	52.55
26665840	2.55	5.00	52.17
26668064	2.55	5.00	56.81
26670300	2.55	5.00	52.17
26672524	2.55	5.00	51.61
26674680	2.55	5.00	57.44
26676920	2.55	5.00	56.30
26679104	2.55	5.00	52.65
26681324	2.55	5.00	52.08
26683556	2.55	5.00	56.50
26685764	2.55	5.00	52.45
26687976	2.55	5.00	52.17
26690152	2.55	5.00	56.81
26692388	2.55	5.00	52.17
26694600	2.55	5.00	52.07
26696816	2.55	5.00	56.92
26699020	2.55	5.00	52.07
26701248	2.55	5.00	56.30
26703416	2.55	5.00	52.65
26705652	2.55	5.00	52.17
26707864	2.55	5.00	56.81
26710080	2.55	5.00	52.18
26712288	2.55	5.00	56.30
26714464	2.55	5.00	52.65
26716672	2.55	5.00	52.08
26718880	2.55	5.00	56.91
26721124	2.55	5.00	52.07
26723336	2.55	5.00	52.17
26725528	2.55	5.00	56.81
26727740	2.55	5.00	52.17
26729968	2.55	5.00	56.20
26732148	2.55	5.00	52.74
26734384	2.55	5.00	52.07
26736592	2.55	5.00	56.92
26738808	2.55	5.00	52.07
26741000	2.55	5.00	56.50
26743192	2.55	5.00	52.45
26745436	2.55	5.00	52.18
26747648	2.55	5.00	56.81
26749856	2.55	5.00	52.17
26752048	2.55	5.00	56.61
26754276	2.55	5.00	52.36
26756480	2.55	5.00	56.51
26758664	2.55	5.00	52.45
26760872	2.55	5.00	52.07
26763080	2.55	5.00	56.91
26765328	2.55	5.00	52.08
26767512	2.55	5.00	56.91
26769712	2.55	5.00	52.07
26771928	2.55	5.00	56.92
26774164	2.55	5.00	52.07
26776368	2.55	5.00	56.41
26778584	2.55	5.00	52.55
26780796	2.55	5.00	56.40
26782976	2.55	5.00	52.55
26785188	2.55	5.00	52.18
26787392	2.55	5.00	56.81
26789632	2.55	5.00	52.17
26791856	2.55	5.00	56.41
26794060	2.55	5.00	52.55
26796268	2.55	5.00	56.30
26798472	2.55	5.00	52.65
26800680	2.55	5.00	52.07
26802864	2.55	5.00	56.92
26805104	2.55	5.00	52.07
26807280	2.55	5.00	56.91
26809504	2.55	5.00	52.07
26811704	2.55	5.00	56.92
26813952	2.55	5.00	51.98
26816128	2.55	5.00	56.81
26818336	2.55	5.00	52.26
26820560	2.55	5.00	56.40
26822788	2.55	5.00	52.56
26824992	2.55	5.00	52.17
26827200	2.55	5.00	56.81
26829396	2.55	5.00	52.17
26831632	2.55	5.00	56.61
26833832	2.55	5.00	52.36
26836048	2.55	5.00	56.51
26838260	2.55	5.00	52.45
26840464	2.55	5.00	52.07
26842648	2.55	5.00	56.92
26844880	2.55	5.00	52.07
26847096	2.55	5.00	56.91
26849300	2.55	5.00	52.07
26851488	2.55	5.00	56.92
26853724	2.55	5.00	52.07
26855940	2.55	5.00	51.98
26858112	2.55	5.00	57.02
26860352	2.55	5.00	52.17
26862536	2.55	5.00	56.81
26864752	2.55	5.00	52.17
26866952	2.55	5.00	56.81
26869188	2.55	5.00	52.17
26871404	2.55	5.00	51.61
26873584	2.55	5.00	57.43
26875824	2.55	5.00	52.07
26878040	2.55	5.00	56.92
26880248	2.55	5.00	52.07
26882448	2.55	5.00	56.51
26884632	2.55	5.00	52.45
26886872	2.55	5.00	52.17
26889056	2.55	5.00	56.81
26891300	2.55	5.00	52.18
26893512	2.55	5.00	56.30
26895680	2.55	5.00	52.65
26897928	2.55	5.00	56.10
26900108	2.55	5.00	52.84
26902312	2.55	5.00	52.07
26904520	2.55	5.00	56.92
26906772	2.55	5.00	52.07
26908992	2.55	5.00	56.50
26911152	2.55	5.00	52.46
26913392	2.55	5.00	56.30
26915608	2.55	5.00	52.65
26917812	2.55	5.00	52.18
26920008	2.55	5.00	56.81
26922232	2.55	5.00	52.17
26924448	2.55	5.00	56.81
26926648	2.55	5.00	52.17
26928840	2.55	5.00	56.60
26931072	2.55	5.00	52.37
26933288	2.55	5.00	52.07
26935472	2.55	5.00	56.91
26937704	2.55	5.00	52.08
26939888	2.55	5.00	56.70
26942104	2.55	5.00	52.26
26944304	2.55	5.00	56.92
26946540	2.55	5.00	52.07
26948768	2.55	5.00	56.41
26950960	2.55	5.00	52.55
26953152	2.55	5.00	56.81
26955384	2.55	5.00	52.17
26957592	2.55	5.00	56.41
26959776	2.55	5.00	52.55
26962016	2.55	5.00	51.70
26964224	2.55	5.00	57.33
26966432	2.55	5.00	52.17
26968616	2.55	5.00	56.81
26970848	2.55	5.00	52.17
26973032	2.55	5.00	56.81
26975252	2.55	5.00	52.17
26977464	2.55	5.00	56.81
26979692	2.55	5.00	52.17
26981920	2.55	5.00	56.30
26984080	2.55	5.00	52.65
26986320	2.55	5.00	52.07
26988504	2.55	5.00	56.92
26990720	2.55	5.00	52.07
26992920	2.55	5.00	56.91
26995168	2.55	5.00	52.07
26997384	2.55	5.00	56.41
26999584	2.55	5.00	52.55
27001792	2.55	5.00	56.61
27004012	2.55	5.00	52.36
27006208	2.55	5.00	52.17
27008392	2.55	5.00	56.81
27010632	2.55	5.00	52.17
27012816	2.55	5.00	56.81
27015032	2.55	5.00	52.17
27017240	2.55	5.00	56.81
27019476	2.55	5.00	52.17
27021680	2.55	5.00	56.30
27023864	2.55	5.00	52.65
27026108	2.55	5.00	51.61
27028280	2.55	5.00	57.44
27030500	2.55	5.00	52.07
27032712	2.55	5.00	56.91
27034940	2.55	5.00	52.07
27037160	2.55	5.00	56.30
27039336	2.55	5.00	52.65
27041568	2.55	5.00	56.30
27043752	2.55	5.00	52.65
27045968	2.55	5.00	52.17
27048176	2.55	5.00	56.81
27050420	2.55	5.00	52.17
27052608	2.55	5.00	56.81
27054808	2.55	5.00	52.17
27057016	2.55	5.00	56.81
27059256	2.55	5.00	52.17
27061448	2.55	5.00	56.61
27063672	2.55	5.00	52.36
27065856	2.55	5.00	56.70
27068096	2.55	5.00	52.27
27070320	2.55	5.00	56.30
27072512	2.55	5.00	52.65
27074728	2.55	5.00	56.51
27076936	2.55	5.00	52.45
27079144	2.55	5.00	56.20
27081324	2.55	5.00	52.75
27083560	2.55	5.00	56.30
27085776	2.55	5.00	52.65
27087992	2.55	5.00	56.30
27090160	2.55	5.00	52.65
27092400	2.55	5.00	56.51
27094616	2.55	5.00	52.45
27096824	2.55	5.00	52.07
27099000	2.55	5.00	56.91
27101248	2.55	5.00	56.51
27103460	2.55	5.00	52.45
27105664	2.55	5.00	56.30
27107840	2.55	5.00	52.65
27110080	2.55	5.00	56.30
27112264	2.55	5.00	52.65
27114512	2.55	5.00	52.07
27116696	2.55	5.00	56.91
27118908	2.55	5.00	52.08
27121144	2.55	5.00	56.91
27123340	2.55	5.00	52.07
27125552	2.55	5.00	56.51
27127768	2.55	5.00	52.45
27129976	2.55	5.00	52.17
27132184	2.55	5.00	56.81
27134392	2.55	5.00	52.17
27136616	2.55	5.00	56.60
27138784	2.55	5.00	52.37
27141024	2.55	5.00	56.30
27143208	2.55	5.00	52.65
27145424	2.55	5.00	52.07
27147624	2.55	5.00	56.92
27149860	2.55	5.00	52.07
27152088	2.55	5.00	56.41
27154256	2.55	5.00	52.55
27156496	2.55	5.00	52.17
27158680	2.55	5.00	56.81
27160880	2.55	5.00	52.17
27163096	2.55	5.00	56.81
27165336	2.55	5.00	52.17
27167544	2.55	5.00	56.30
27169720	2.55	5.00	52.65
27171968	2.55	5.00	56.30
27174144	2.55	5.00	52.65
27176352	2.55	5.00	52.07
27178560	2.55	5.00	56.92
27180804	2.55	5.00	52.07
27182984	2.55	5.00	56.81
27185228	2.55	5.00	52.17
27187408	2.55	5.00	56.92
27189644	2.55	5.00	52.07
27191848	2.55	5.00	52.17
27194032	2.55	5.00	56.81
27196272	2.55	5.00	56.40
27198492	2.55	5.00	52.56
27200696	2.55	5.00	52.17
27202872	2.55	5.00	56.81
27205124	2.55	5.00	51.98
27207320	2.55	5.00	57.02
27209516	2.55	5.00	52.17
27211712	2.55	5.00	56.81
27213956	2.55	5.00	52.17
27216160	2.55	5.00	56.30
27218372	2.55	5.00	52.65
27220584	2.55	5.00	56.30
27222760	2.55	5.00	52.65
27225000	2.55	5.00	52.07
27227244	2.55	5.00	56.92
27229420	2.55	5.00	52.07
27231600	2.55	5.00	56.92
27233844	2.55	5.00	52.07
27236024	2.55	5.00	56.81
27238264	2.55	5.00	52.18
27240480	2.55	5.00	52.17
27242716	2.55	5.00	56.81
27244896	2.55	5.00	52.17
27247080	2.55	5.00	56.71
27249276	2.55	5.00	52.26
27251520	2.55	5.00	56.41
27253736	2.55	5.00	52.55
27255952	2.55	5.00	52.07
27258152	2.55	5.00	56.92
27260348	2.55	5.00	52.07
27262584	2.55	5.00	56.60
27264784	2.55	5.00	52.36
27266992	2.55	5.00	56.41
27269212	2.55	5.00	52.55
27271392	2.55	5.00	52.17
27273592	2.55	5.00	56.81
27275832	2.55	5.00	52.17
27278040	2.55	5.00	56.41
27280224	2.55	5.00	52.55
27282472	2.55	5.00	56.30
27284648	2.55	5.00	52.65
27286856	2.55	5.00	52.07
27289072	2.55	5.00	56.70
27291300	2.55	5.00	52.26
27293488	2.55	5.00	56.71
27295696	2.55	5.00	52.26
27297936	2.55	5.00	56.41
27300144	2.55	5.00	52.55
27302360	2.55	5.00	52.17
27304536	2.55	5.00	56.81
27306768	2.55	5.00	52.17
27308952	2.55	5.00	56.81
27311176	2.55	5.00	52.17
27313380	2.55	5.00	56.81
27315616	2.55	5.00	52.17
27317840	2.55	5.00	56.41
27320032	2.55	5.00	52.55
27322240	2.55	5.00	56.40
27324460	2.55	5.00	52.56
27326672	2.55	5.00	56.30
27328840	2.55	5.00	52.65
27331088	2.55	5.00	56.20
27333268	2.55	5.00	52.74
27335472	2.55	5.00	52.07
27337740	2.55	5.00	56.92
27339928	2.55	5.00	52.07
27342104	2.55	5.00	56.91
27344344	2.55	5.00	52.08
27346528	2.55	5.00	56.91
27348760	2.55	5.00	52.07
27350944	2.55	5.00	56.92
27353160	2.55	5.00	52.07
27355392	2.55	5.00	56.91
27357588	2.55	5.00	52.08
27359808	2.55	5.00	56.91
27361996	2.55	5.00	52.07
27364200	2.55	5.00	56.92
27366448	2.55	5.00	52.07
27368632	2.55	5.00	56.92
27370832	2.55	5.00	52.07
27373056	2.55	5.00	56.91
27375280	2.55	5.00	52.07
27377464	2.55	5.00	56.92
27379704	2.55	5.00	52.07
27381888	2.55	5.00	56.92
27384124	2.55	5.00	51.61
27386348	2.55	5.00	57.43
27388512	2.55	5.00	52.08
27390728	2.55	5.00	56.91
27392960	2.55	5.00	56.30
27395180	2.55	5.00	52.65
27397400	2.55	5.00	56.30
27399560	2.55	5.00	52.65
27401800	2.55	5.00	56.61
27404016	2.55	5.00	52.36
27406200	2.55	5.00	56.71
27408432	2.55	5.00	52.26
27410624	2.55	5.00	56.81
27412836	2.55	5.00	52.18
27415032	2.55	5.00	56.81
27417272	2.55	5.00	52.17
27419456	2.55	5.00	56.81
27421680	2.55	5.00	56.40
27423908	2.55	5.00	52.55
27426112	2.55	5.00	51.71
27428324	2.55	5.00	57.32
27430512	2.55	5.00	56.71
27432744	2.55	5.00	52.26
27434952	2.55	5.00	56.91
27437144	2.55	5.00	52.08
27439344	2.55	5.00	56.91
27441584	2.55	5.00	56.30
27443760	2.55	5.00	52.65
27445976	2.55	5.00	52.07
27448228	2.55	5.00	56.91
27450432	2.55	5.00	52.08
27452608	2.55	5.00	56.91
27454816	2.55	5.00	52.07
27457032	2.55	5.00	56.71
27459260	2.55	5.00	52.26
27461472	2.55	5.00	52.17
27463688	2.55	5.00	56.81
27465900	2.55	5.00	52.17
27468104	2.55	5.00	56.30
27470288	2.55	5.00	52.65
27472524	2.55	5.00	52.07
27474728	2.55	5.00	56.30
27476920	2.55	5.00	52.65
27479156	2.55	5.00	52.17
27481360	2.55	5.00	56.30
27483544	2.55	5.00	52.65
27485784	2.55	5.00	52.07
27487996	2.55	5.00	52.17
27490200	2.55	5.00	56.81
27492432	2.55	5.00	52.18
27494640	2.55	5.00	56.40
27496800	2.55	5.00	52.55
27499028	2.55	5.00	52.08
27501248	2.55	5.00	56.40
27503432	2.55	5.00	52.55
27505676	2.55	5.00	52.17
27507888	2.55	5.00	56.30
27510088	2.55	5.00	52.65
27512308	2.55	5.00	52.07
27514516	2.55	5.00	52.18
27516720	2.55	5.00	56.81
27518936	2.55	5.00	52.17
27521152	2.55	5.00	56.30
27523328	2.55	5.00	52.65
27525560	2.55	5.00	52.07
27527792	2.55	5.00	52.17
27529960	2.55	5.00	56.81
27532192	2.55	5.00	52.17
27534416	2.55	5.00	56.81
27536592	2.55	5.00	52.17
27538824	2.55	5.00	52.07
27541032	2.55	5.00	56.91
27543244	2.55	5.00	52.08
27545448	2.55	5.00	56.40
27547632	2.55	5.00	52.55
27549880	2.55	5.00	52.18
27552056	2.55	5.00	56.81
27554300	2.55	5.00	52.17
27556520	2.55	5.00	56.30
27558680	2.55	5.00	52.65
27560920	2.55	5.00	52.07
27563112	2.55	5.00	56.92
27565312	2.55	5.00	52.07
27567520	2.55	5.00	56.91
27569768	2.55	5.00	52.08
27571992	2.55	5.00	56.40
27574152	2.55	5.00	52.55
27576400	2.55	5.00	56.41
27578612	2.55	5.00	52.55
27580808	2.55	5.00	52.17
27583024	2.55	5.00	56.81
27585228	2.55	5.00	52.17
27587456	2.55	5.00	56.50
27589660	2.55	5.00	52.46
27591872	2.55	5.00	56.30
27594040	2.55	5.00	52.65
27596292	2.55	5.00	51.99
27598496	2.55	5.00	57.01
27600688	2.55	5.00	52.07
27602920	2.55	5.00	56.61
27605124	2.55	5.00	52.36
27607328	2.55	5.00	56.50
27609544	2.55	5.00	52.46
27611752	2.55	5.00	51.70
27613936	2.55	5.00	57.32
27616168	2.55	5.00	56.41
27618360	2.55	5.00	52.55
27620568	2.55	5.00	52.17
27622776	2.55	5.00	56.81
27625020	2.55	5.00	52.17
27627208	2.55	5.00	56.81
27629412	2.55	5.00	52.18
27631624	2.55	5.00	56.81
27633856	2.55	5.00	52.17
27636040	2.55	5.00	56.61
27638260	2.55	5.00	52.17
27640456	2.55	5.00	57.02
27642696	2.55	5.00	52.17
27644912	2.55	5.00	56.60
27647112	2.55	5.00	52.36
27649296	2.55	5.00	56.81
27651516	2.55	5.00	52.17
27653744	2.55	5.00	56.81
27655928	2.55	5.00	52.17
27658136	2.55	5.00	56.81
27660376	2.55	5.00	52.18
27662584	2.55	5.00	56.81
27664772	2.55	5.00	52.17
27667008	2.55	5.00	56.81
27669208	2.55	5.00	52.17
27671400	2.55	5.00	56.70
27673608	2.55	5.00	52.27
27675824	2.55	5.00	56.81
27678048	2.55	5.00	52.17
27680240	2.55	5.00	56.71
27682472	2.55	5.00	52.26
27684656	2.55	5.00	56.81
27686888	2.55	5.00	52.17
27689108	2.55	5.00	56.81
27691312	2.55	5.00	56.41
27693528	2.55	5.00	52.55
27695712	2.55	5.00	56.60
27697944	2.55	5.00	52.37
27700168	2.55	5.00	56.60
27702364	2.55	5.00	52.36
27704548	2.55	5.00	56.92
27706784	2.55	5.00	52.07
27708960	2.55	5.00	56.92
27711200	2.55	5.00	52.07
27713384	2.55	5.00	56.91
27715632	2.55	5.00	51.61
27717836	2.55	5.00	57.44
27720040	2.55	5.00	56.30
27722256	2.55	5.00	52.56
27724432	2.55	5.00	56.91
27726672	2.55	5.00	52.17
27728856	2.55	5.00	56.81
27731096	2.55	5.00	52.17
27733272	2.55	5.00	56.81
27735488	2.55	5.00	56.81
27737724	2.55	5.00	52.17
27739904	2.55	5.00	56.92
27742144	2.55	5.00	52.07
27744328	2.55	5.00	56.91
27746560	2.55	5.00	56.30
27748776	2.55	5.00	52.65
27751004	2.55	5.00	56.81
27753192	2.55	5.00	52.17
27755404	2.55	5.00	56.81
27757616	2.55	5.00	56.41
27759828	2.55	5.00	52.55
27762008	2.55	5.00	56.92
27764240	2.55	5.00	52.07
27766452	2.55	5.00	56.91
27768632	2.55	5.00	56.81
27770872	2.55	5.00	52.17
27773092	2.55	5.00	56.81
27775312	2.55	5.00	56.41
27777480	2.55	5.00	52.55
27779688	2.55	5.00	56.92
27781920	2.55	5.00	56.30
27784136	2.55	5.00	52.65
27786328	2.55	5.00	56.81
27788552	2.55	5.00	52.17
27790764	2.55	5.00	56.81
27792976	2.55	5.00	56.91
27795184	2.55	5.00	56.30
27797392	2.55	5.00	52.65
27799604	2.55	5.00	56.50
27801792	2.55	5.00	52.45
27804024	2.55	5.00	56.81
27806200	2.55	5.00	56.91
27808440	2.55	5.00	52.08
27810652	2.55	5.00	56.91
27812900	2.55	5.00	56.71
27815080	2.55	5.00	52.26
27817256	2.55	5.00	56.81
27819472	2.55	5.00	56.81
27821704	2.55	5.00	52.17
27823908	2.55	5.00	56.92
27826156	2.55	5.00	56.60
27828336	2.55	5.00	52.36
27830544	2.55	5.00	56.81
27832720	2.55	5.00	56.91
27834960	2.55	5.00	52.07
27837176	2.55	5.00	56.92
27839384	2.55	5.00	56.81
27841600	2.55	5.00	52.18
27843812	2.55	5.00	56.81
27845984	2.55	5.00	56.92
27848224	2.55	5.00	52.07
27850428	2.55	5.00	56.91
27852648	2.55	5.00	56.61
27854856	2.55	5.00	52.36
27857068	2.55	5.00	56.81
27859240	2.55	5.00	56.91
27861488	2.55	5.00	52.07
27863696	2.55	5.00	56.92
27865904	2.55	5.00	56.81
27868112	2.55	5.00	52.17
27870332	2.55	5.00	56.81
27872528	2.55	5.00	56.91
27874744	2.55	5.00	56.30
27876952	2.55	5.00	52.65
27879136	2.55	5.00	56.81
27881396	2.55	5.00	52.17
27883560	2.55	5.00	56.81
27885768	2.55	5.00	56.92
27887976	2.55	5.00	56.81
27890212	2.55	5.00	52.18
27892420	2.55	5.00	56.81
27894608	2.55	5.00	56.92
27896848	2.55	5.00	52.07
27899032	2.55	5.00	56.91
27901240	2.55	5.00	56.71
27903456	2.55	5.00	52.26
27905656	2.55	5.00	56.81
27907868	2.55	5.00	52.18
27910072	2.55	5.00	56.81
27912320	2.55	5.00	52.17
27914496	2.55	5.00	56.81
27916728	2.55	5.00	52.17
27918912	2.55	5.00	56.81
27921152	2.55	5.00	56.40
27923368	2.55	5.00	52.55
27925576	2.55	5.00	52.17
27927760	2.55	5.00	56.81
27929992	2.55	5.00	52.17
27932176	2.55	5.00	56.81
27934408	2.55	5.00	52.17
27936592	2.55	5.00	56.81
27938840	2.55	5.00	52.18
27941024	2.55	5.00	56.81
27943224	2.55	5.00	52.17
27945440	2.55	5.00	56.71
27947672	2.55	5.00	52.26
27949896	2.55	5.00	56.60
27952064	2.55	5.00	52.37
27954312	2.55	5.00	56.30
27956480	2.55	5.00	52.65
27958720	2.55	5.00	52.08
27960936	2.55	5.00	56.91
27963128	2.55	5.00	52.07
27965368	2.55	5.00	56.61
27967572	2.55	5.00	52.36
27969772	2.55	5.00	56.40
27971952	2.55	5.00	52.56
27974192	2.55	5.00	52.17
27976400	2.55	5.00	56.81
27978600	2.55	5.00	52.18
27980792	2.55	5.00	56.81
27983036	2.55	5.00	52.17
27985216	2.55	5.00	56.81
27987464	2.55	5.00	51.98
27989664	2.55	5.00	52.26
27991896	2.55	5.00	56.92
27994080	2.55	5.00	52.07
27996272	2.55	5.00	56.91
27998476	2.55	5.00	52.08
28000688	2.55	5.00	56.81
28002924	2.55	5.00	52.17
28005128	2.55	5.00	56.41
28007312	2.55	5.00	52.55
28009560	2.55	5.00	52.17
28011744	2.55	5.00	56.81
28013952	2.55	5.00	52.17
28016152	2.55	5.00	56.81
28018392	2.55	5.00	52.18
28020600	2.55	5.00	52.07
28022792	2.55	5.00	56.91
28025032	2.55	5.00	52.07
28027264	2.55	5.00	56.92
28029428	2.55	5.00	51.98
28031624	2.55	5.00	57.02
28033864	2.55	5.00	52.07
28036072	2.55	5.00	52.17
28038264	2.55	5.00	56.81
28040504	2.55	5.00	52.17
28042712	2.55	5.00	56.70
28044880	2.55	5.00	52.27
28047124	2.55	5.00	51.61
28049304	2.55	5.00	57.43
28051524	2.55	5.00	52.07
28053728	2.55	5.00	56.92
28055964	2.55	5.00	52.07
28058168	2.55	5.00	56.41
28060352	2.55	5.00	52.55
28062592	2.55	5.00	52.17
28064784	2.55	5.00	56.81
28066996	2.55	5.00	52.17
28069192	2.55	5.00	56.81
28071440	2.55	5.00	51.98
28073640	2.55	5.00	56.51
28075824	2.55	5.00	52.65
28078064	2.55	5.00	56.30
28080248	2.55	5.00	52.65
28082456	2.55	5.00	52.07
28084696	2.55	5.00	56.92
28086904	2.55	5.00	52.07
28089088	2.55	5.00	56.91
28091300	2.55	5.00	52.07
28093512	2.55	5.00	56.81
28095744	2.55	5.00	52.17
28097952	2.55	5.00	56.30
28100136	2.55	5.00	52.65
28102368	2.55	5.00	52.17
28104552	2.55	5.00	56.81
28106776	2.55	5.00	52.17
28108984	2.55	5.00	56.81
28111212	2.55	5.00	52.17
28113424	2.55	5.00	56.30
28115600	2.55	5.00	52.65
28117840	2.55	5.00	52.07
28120024	2.55	5.00	56.92
28122260	2.55	5.00	52.07
28124440	2.55	5.00	56.92
28126684	2.55	5.00	52.07
28128888	2.55	5.00	52.17
28131072	2.55	5.00	56.81
28133312	2.55	5.00	56.41
28135532	2.55	5.00	52.55
28137728	2.55	5.00	52.17
28139920	2.55	5.00	56.81
28142132	2.55	5.00	52.17
28144388	2.55	5.00	56.81
28146556	2.55	5.00	52.17
28148760	2.55	5.00	56.81
28150992	2.55	5.00	52.17
28153208	2.55	5.00	56.81
28155396	2.55	5.00	52.17
28157592	2.55	5.00	56.81
28159820	2.55	5.00	52.17
28162040	2.55	5.00	56.81
28164232	2.55	5.00	52.18
28166432	2.55	5.00	56.81
28168680	2.55	5.00	52.17
28170856	2.55	5.00	56.81
28173064	2.55	5.00	52.17
28175272	2.55	5.00	56.81
28177520	2.55	5.00	56.30
28179696	2.55	5.00	52.65
28181928	2.55	5.00	52.17
28184112	2.55	5.00	56.81
28186352	2.55	5.00	56.40
28188568	2.55	5.00	52.56
28190776	2.55	5.00	56.30
28192960	2.55	5.00	52.65
28195192	2.55	5.00	56.41
28197408	2.55	5.00	52.55
28199632	2.55	5.00	56.40
28201820	2.55	5.00	52.56
28204000	2.55	5.00	56.91
28206240	2.55	5.00	52.07
28208432	2.55	5.00	56.92
28210664	2.55	5.00	52.07
28212848	2.55	5.00	56.92
28215080	2.55	5.00	52.07
28217292	2.55	5.00	56.91
28219512	2.55	5.00	52.07
28221712	2.55	5.00	56.92
28223920	2.55	5.00	56.60
28226136	2.55	5.00	52.37
28228344	2.55	5.00	56.81
28230528	2.55	5.00	52.17
28232744	2.55	5.00	56.81
28234972	2.55	5.00	56.40
28237152	2.55	5.00	52.56
28239392	2.55	5.00	52.17
28241600	2.55	5.00	56.81
28243784	2.55	5.00	56.92
28246036	2.55	5.00	52.07
28248208	2.55	5.00	56.91
28250440	2.55	5.00	52.08
28252648	2.55	5.00	56.92
28254864	2.55	5.00	56.29
28257068	2.55	5.00	52.65
28259288	2.55	5.00	56.71
28261472	2.55	5.00	52.26
28263672	2.55	5.00	56.81
28265916	2.55	5.00	51.71
28268124	2.55	5.00	57.32
28270352	2.55	5.00	56.51
28272520	2.55	5.00	52.46
28274752	2.55	5.00	56.90
28276968	2.55	5.00	51.61
28279172	2.55	5.00	57.44
28281400	2.55	5.00	56.41
28283564	2.55	5.00	52.54
28285776	2.55	5.00	56.81
28288016	2.55	5.00	56.41
28290228	2.55	5.00	52.54
28292460	2.55	5.00	56.92
28294648	2.55	5.00	52.08
28296824	2.55	5.00	56.90
28299032	2.55	5.00	56.81
28301276	2.55	5.00	52.18
28303492	2.55	5.00	56.80
28305716	2.55	5.00	52.18
28307876	2.55	5.00	56.81
28310136	2.55	5.00	56.92
28312320	2.55	5.00	56.39
28314536	2.55	5.00	52.56
28316720	2.55	5.00	56.81
28318956	2.55	5.00	56.29
28321148	2.55	5.00	52.65
28323352	2.55	5.00	56.92
28325584	2.55	5.00	56.30
28327792	2.55	5.00	52.64
28329976	2.55	5.00	56.81
28332216	2.55	5.00	51.69
28334408	2.55	5.00	57.33
28336608	2.55	5.00	56.71
28338840	2.55	5.00	56.71
28341032	2.55	5.00	52.45
28343260	2.55	5.00	56.81
28345488	2.55	5.00	56.71
28347680	2.55	5.00	52.26
28349892	2.55	5.00	56.92
28352088	2.55	5.00	56.81
28354312	2.55	5.00	56.41
28356508	2.55	5.00	52.54
28358740	2.55	5.00	56.92
28360952	2.55	5.00	56.61
28363152	2.55	5.00	52.35
28365348	2.55	5.00	56.81
28367544	2.55	5.00	56.92
28369768	2.55	5.00	56.51
28372000	2.55	5.00	52.45
28374212	2.55	5.00	56.81
28376384	2.55	5.00	56.92
28378624	2.55	5.00	56.19
28380804	2.55	5.00	52.75
28383044	2.55	5.00	56.81
28385256	2.55	5.00	56.92
28387464	2.55	5.00	56.39
28389672	2.55	5.00	52.56
28391884	2.55	5.00	56.81
28394072	2.55	5.00	56.59
28396304	2.55	5.00	52.37
28398484	2.55	5.00	56.92
28400732	2.55	5.00	56.81
28402912	2.55	5.00	56.90
28405144	2.55	5.00	56.30
28407348	2.55	5.00	52.65
28409564	2.55	5.00	56.80
28411776	2.55	5.00	56.92
28413992	2.55	5.00	52.08
28416176	2.55	5.00	56.90
28418376	2.55	5.00	56.81
28420592	2.55	5.00	56.71
28422824	2.55	5.00	52.27
28425028	2.55	5.00	56.90
28427260	2.55	5.00	56.81
28429456	2.55	5.00	52.18
28431660	2.55	5.00	56.80
28433840	2.55	5.00	56.92
28436080	2.55	5.00	52.08
28438264	2.55	5.00	56.92
28440508	2.55	5.00	51.60
28442716	2.55	5.00	57.44
28444900	2.55	5.00	56.81
28447116	2.55	5.00	52.16
28449312	2.55	5.00	56.81
28451556	2.55	5.00	52.18
28453764	2.55	5.00	56.80
28455960	2.55	5.00	56.61
28458188	2.55	5.00	52.37
28460412	2.55	5.00	56.90
28462612	2.55	5.00	51.99
28464784	2.55	5.00	57.02
28467000	2.55	5.00	56.61
28469228	2.55	5.00	52.35
28471448	2.55	5.00	56.51
28473624	2.55	5.00	52.45
28475848	2.55	5.00	56.81
28478072	2.55	5.00	56.41
28480288	2.55	5.00	52.56
28482496	2.55	5.00	56.90
28484680	2.55	5.00	52.08
28486884	2.55	5.00	56.92
28489120	2.55	5.00	52.07
28491332	2.55	5.00	56.92
28493560	2.55	5.00	56.30
28495740	2.55	5.00	52.64
28497976	2.55	5.00	56.81
28500176	2.55	5.00	52.18
28502352	2.55	5.00	56.80
28504596	2.55	5.00	52.18
28506804	2.55	5.00	56.81
28508984	2.55	5.00	56.92
28511208	2.55	5.00	52.07
28513408	2.55	5.00	56.92
28515640	2.55	5.00	52.08
28517868	2.55	5.00	56.90
28520064	2.55	5.00	56.30
28522268	2.55	5.00	52.65
28524488	2.55	5.00	56.80
28526672	2.55	5.00	52.18
28528880	2.55	5.00	56.81
28531112	2.55	5.00	52.16
28533296	2.55	5.00	56.81
28535508	2.55	5.00	52.18
28537744	2.55	5.00	56.80
28539960	2.55	5.00	52.18
28542144	2.55	5.00	56.81
28544344	2.55	5.00	52.16
28546552	2.55	5.00	56.81
28548792	2.55	5.00	52.18
28551000	2.55	5.00	56.29
28553212	2.55	5.00	52.65
28555432	2.55	5.00	56.30
28557600	2.55	5.00	52.64
28559848	2.55	5.00	52.08
28562024	2.55	5.00	56.92
28564264	2.55	5.00	52.07
28566440	2.55	5.00	56.92
28568664	2.55	5.00	52.08
28570896	2.55	5.00	56.90
28573088	2.55	5.00	52.08
28575312	2.55	5.00	56.92
28577504	2.55	5.00	52.07
28579704	2.55	5.00	56.92
28581944	2.55	5.00	52.08
28584160	2.55	5.00	56.41
28586344	2.55	5.00	52.54
28588544	2.55	5.00	56.92
28590780	2.55	5.00	52.07
28592960	2.55	5.00	56.92
28595184	2.55	5.00	52.08
28597392	2.55	5.00	56.92
28599608	2.55	5.00	52.07
28601840	2.55	5.00	56.92
28604028	2.55	5.00	52.08
28606224	2.55	5.00	56.90
28608460	2.55	5.00	52.08
28610656	2.55	5.00	56.71
28612884	2.55	5.00	52.26
28615072	2.55	5.00	56.61
28617304	2.55	5.00	52.37
28619512	2.55	5.00	52.16
28621720	2.55	5.00	56.81
28623932	2.55	5.00	52.18
28626120	2.55	5.00	56.80
28628352	2.55	5.00	52.18
28630560	2.55	5.00	56.41
28632744	2.55	5.00	52.54
28634952	2.55	5.00	52.08
28637160	2.55	5.00	56.92
28639412	2.55	5.00	52.07
28641632	2.55	5.00	56.41
28643800	2.55	5.00	52.56
28646032	2.55	5.00	52.16
28648216	2.55	5.00	56.81
28650436	2.55	5.00	52.18
28652640	2.55	5.00	56.80
28654872	2.55	5.00	52.18
28657080	2.55	5.00	56.30
28659264	2.55	5.00	52.64
28661504	2.55	5.00	52.08
28663680	2.55	5.00	56.92
28665904	2.55	5.00	52.07
28668112	2.55	5.00	56.92
28670344	2.55	5.00	52.08
28672552	2.55	5.00	56.39
28674736	2.55	5.00	52.56
28676968	2.55	5.00	52.16
28679152	2.55	5.00	56.81
28681388	2.55	5.00	52.18
28683576	2.55	5.00	56.81
28685832	2.55	5.00	52.16
28688024	2.55	5.00	52.08
28690208	2.55	5.00	56.92
28692424	2.55	5.00	52.07
28694656	2.55	5.00	56.71
28696860	2.55	5.00	52.26
28699072	2.55	5.00	56.41
28701256	2.55	5.00	52.56
28703464	2.55	5.00	52.16
28705672	2.55	5.00	56.81
28707916	2.55	5.00	52.18
28710124	2.55	5.00	56.30
28712304	2.55	5.00	52.64
28714544	2.55	5.00	52.08
28716720	2.55	5.00	56.90
28718936	2.55	5.00	52.08
28721144	2.55	5.00	56.92
28723388	2.55	5.00	52.07
28725608	2.55	5.00	56.41
28727808	2.55	5.00	52.46
28730008	2.55	5.00	56.61
28732220	2.55	5.00	52.45
28734436	2.55	5.00	52.18
28736624	2.55	5.00	56.80
28738852	2.55	5.00	52.18
28741032	2.55	5.00	56.81
28743248	2.55	5.00	52.16