120020476	22.57	16.95	2.87	
120022924	22.57	17.02	2.83	
120025368	22.57	17.01	2.84	
120027856	22.57	21.04	0.78	
120030340	22.57	17.14	2.77	
120032784	22.57	17.01	2.84	
120035232	22.57	16.99	2.85	
120037728	22.57	17.01	2.84	
120040160	22.57	21.22	0.69	
120042656	22.57	16.99	2.85	
120045088	22.57	17.01	2.84	
120047552	22.57	16.99	2.85	
120050056	22.57	21.22	0.69	
120052488	22.57	17.01	2.84	
120054956	22.57	16.99	2.85	
120057452	22.57	21.05	0.78	
120059900	22.57	17.13	2.78	
120062364	22.57	17.01	2.84	
120064828	22.57	17.01	2.84	
120067284	22.57	16.99	2.85	
120069744	22.57	21.22	0.69	
120072240	22.57	17.01	2.84	
120074672	22.57	16.99	2.85	
120077136	22.57	17.01	2.84	
120079620	22.57	21.21	0.69	
120082084	22.57	17.01	2.84	
120084532	22.57	17.01	2.84	
120087028	22.57	21.24	0.68	
120089492	22.57	16.98	2.86	
120091944	22.57	16.99	2.85	
120094392	22.57	17.01	2.84	
120096864	22.57	21.25	0.67	
120099340	22.57	16.97	2.86	
120101804	22.57	17.01	2.84	
120104260	22.57	17.01	2.84	
120106712	22.57	16.99	2.85	
120109220	22.57	21.22	0.69	
120111648	22.57	16.99	2.85	
120114112	22.57	17.01	2.84	
120116576	22.57	21.25	0.67	
120119060	22.57	16.97	2.86	
120121536	22.57	17.01	2.84	
120123968	22.57	16.99	2.85	
120126456	22.57	21.05	0.78	
120128932	22.57	17.14	2.77	
120131368	22.57	16.99	2.85	
120133868	22.57	17.01	2.84	
120136328	22.57	21.25	0.67	
120138772	22.57	16.97	2.86	
120141224	22.57	17.01	2.84	
120143688	22.57	16.99	2.85	
120146156	22.57	17.01	2.84	
120148656	22.57	16.98	2.86	
120151124	22.57	21.24	0.68	
120153560	22.57	17.01	2.84	
120156048	22.57	21.25	0.67	
120158500	22.57	16.97	2.86	
120160944	22.57	17.01	2.84	
120163444	22.57	16.99	2.85	
120165896	22.57	21.25	0.67	
120168344	22.57	16.98	2.86	
120170836	22.57	21.24	0.68	
120173288	22.57	17.01	2.84	
120175740	22.57	17.01	2.84	
120178220	22.57	21.21	0.69	
120180664	22.57	17.01	2.84	
120183152	22.57	16.86	2.92	
120185632	22.57	21.43	0.58	
120188068	22.57	16.98	2.86	
120190560	22.57	21.25	0.67	
120192992	22.57	16.99	2.85	
120195456	22.57	21.25	0.67	
120197940	22.57	16.97	2.86	
120200416	22.57	17.01	2.84	
120202868	22.57	17.01	2.84	
120205324	22.57	16.99	2.85	
120207816	22.57	16.98	2.86	
120210276	22.57	21.24	0.68	
120212716	22.57	21.25	0.67	
120215176	22.57	17.01	2.84	
120217648	22.57	21.22	0.69	
120220140	22.57	16.99	2.85	
120222568	22.57	17.01	2.84	
120225036	22.57	21.24	0.68	
120227504	22.57	16.98	2.86	
120230028	22.57	21.08	0.76	
120232432	22.57	17.13	2.78	
120234896	22.57	17.01	2.84	
120237380	22.57	21.22	0.69	
120239824	22.57	16.99	2.85	
120242324	22.57	21.25	0.67	
120244760	22.57	21.18	0.71	
120247244	22.57	17.02	2.83	
120249708	22.57	17.01	2.84	
120252172	22.57	16.99	2.85	
120254648	22.57	17.01	2.84	
120257112	22.57	16.98	2.86	
120259544	22.57	21.24	0.68	
120262032	22.57	21.25	0.67	
120264488	22.57	17.01	2.84	
120267004	22.57	16.97	2.86	
120269440	22.57	21.25	0.67	
120271880	22.57	21.22	0.69	
120274356	22.57	17.02	2.83	
120276816	22.57	16.98	2.86	
120279268	22.57	16.99	2.85	
120281752	22.57	21.25	0.67	
120284200	22.57	17.01	2.84	
120286696	22.57	21.21	0.69	
120289124	22.57	17.01	2.84	
120291624	22.57	17.01	2.84	
120294088	22.57	21.24	0.68	
120296524	22.57	16.98	2.86	
120299024	22.57	21.22	0.69	
120301468	22.57	17.02	2.83	
120303912	22.57	17.01	2.84	
120306420	22.57	21.05	0.78	
120308880	22.57	17.13	2.78	
120311312	22.57	17.01	2.84	
120313808	22.57	21.04	0.78	
120316240	22.57	17.14	2.77	
120318724	22.57	17.01	2.84	
120321172	22.57	16.99	2.85	
120323652	22.57	17.01	2.84	
120326116	22.57	16.97	2.86	
120328568	22.57	17.01	2.84	
120331064	22.57	21.25	0.67	
120333532	22.57	16.99	2.85	
120335980	22.57	21.22	0.69	
120338448	22.57	17.01	2.84	
120340888	22.57	16.99	2.85	
120343388	22.57	21.05	0.78	
120345856	22.57	17.13	2.78	
120348308	22.57	17.01	2.84	
120350784	22.57	17.01	2.84	
120353224	22.57	16.99	2.85	
120355680	22.57	21.22	0.69	
120358164	22.57	17.01	2.84	
120360608	22.57	16.99	2.85	
120363084	22.57	17.01	2.84	
120365572	22.57	21.17	0.71	
120368028	22.57	17.03	2.83	
120370504	22.57	17.01	2.84	
120372936	22.57	16.99	2.85	
120375408	22.57	21.22	0.69	
120377884	22.57	16.99	2.85	
120380348	22.57	17.01	2.84	
120382792	22.57	17.01	2.84	
120385264	22.57	16.97	2.86	
120387764	22.57	21.25	0.67	
120390192	22.57	17.01	2.84	
120392656	22.57	16.99	2.85	
120395120	22.57	16.98	2.86	
120397584	22.57	21.24	0.68	
120400052	22.57	17.01	2.84	
120402512	22.57	17.01	2.84	
120404992	22.57	16.88	2.90	
120407480	22.57	12.82	4.98	
120409912	22.57	16.99	2.85	
120412384	22.57	21.25	0.67	
120414860	22.57	16.98	2.86	
120417308	22.57	16.99	2.85	
120419828	22.57	17.01	2.84	
120422256	22.57	21.24	0.68	
120424704	22.57	16.98	2.86	
120427168	22.57	17.01	2.84	
120429672	22.57	21.07	0.76	
120432104	22.57	17.09	2.80	
120434556	22.57	17.02	2.83	
120437024	22.57	17.01	2.84	
120439488	22.57	17.01	2.84	
120441992	22.57	16.99	2.85	
120444452	22.57	16.98	2.86	
120446888	22.57	16.99	2.85	
120449384	22.57	21.25	0.67	
120451816	22.57	17.01	2.84	
120454316	22.57	16.97	2.86	
120456744	22.57	21.25	0.67	
120459208	22.57	17.01	2.84	
120461680	22.57	16.99	2.85	
120464148	22.57	12.74	5.00	
120466612	22.57	16.99	2.85	
120469072	22.57	21.25	0.67	
120471568	22.57	16.99	2.85	
120474020	22.57	16.98	2.86	
120476464	22.57	17.01	2.84	
120478932	22.57	16.99	2.85	
120481412	22.57	17.01	2.84	
120483900	22.57	16.97	2.86	
120486328	22.57	17.01	2.84	
120488824	22.57	21.25	0.67	
120491256	22.57	16.99	2.85	
120493720	22.57	21.22	0.69	
120496216	22.57	17.01	2.84	
120498656	22.57	16.94	2.88	
120501136	22.57	17.06	2.81	
120503616	22.57	21.22	0.69	
120506048	22.57	16.99	2.85	
120508548	22.57	17.01	2.84	
120510976	22.57	21.24	0.68	
120513440	22.57	16.98	2.86	
120515904	22.57	17.01	2.84	
120518368	22.57	16.99	2.85	
120520872	22.57	17.01	2.84	
120523336	22.57	16.97	2.86	
120525768	22.57	21.25	0.67	
120528232	22.57	21.25	0.67	
120530716	22.57	16.99	2.85	
120533196	22.57	16.98	2.86	
120535644	22.57	17.01	2.84	
120538088	22.57	16.99	2.85	
120540576	22.57	21.25	0.67	
120543024	22.57	16.97	2.86	
120545524	22.57	21.25	0.67	
120547952	22.57	17.01	2.84	
120550424	22.57	21.24	0.68	
120552900	22.57	16.98	2.86	
120555356	22.57	17.01	2.84	
120557808	22.57	16.99	2.85	
120560296	22.57	17.01	2.84	
120562780	22.57	21.22	0.69	
120565216	22.57	16.97	2.86	
120567704	22.57	21.15	0.72	
120570156	22.57	17.10	2.79	
120572620	22.57	16.98	2.86	
120575068	22.57	17.01	2.84	
120577544	22.57	21.10	0.75	
120580028	22.57	17.12	2.78	
120582520	22.57	21.05	0.78	
120584928	22.57	17.13	2.78	
120587408	22.57	21.18	0.71	
120589876	22.57	17.05	2.82	
120592340	22.57	16.98	2.86	
120594784	22.57	17.01	2.84	
120597272	22.57	16.99	2.85	
120599720	22.57	21.25	0.67	
120602184	22.57	21.22	0.69	
120604668	22.57	16.99	2.85	
120607132	22.57	17.01	2.84	
120609596	22.57	16.99	2.85	
120612044	22.57	16.98	2.86	
120614528	22.57	21.25	0.67	
120617004	22.57	16.99	2.85	
120619472	22.57	21.25	0.67	
120621904	22.57	16.98	2.86	
120624396	22.57	21.24	0.68	
120626864	22.57	21.08	0.76	
120629332	22.57	17.14	2.77	
120631768	22.57	16.97	2.86	
120634224	22.57	17.01	2.84	
120636712	22.57	21.25	0.67	
120639160	22.57	16.99	2.85	
120641660	22.57	21.22	0.69	
120644088	22.57	16.99	2.85	
120646580	22.57	21.25	0.67	
120649036	22.57	17.01	2.84	
120651500	22.57	16.97	2.86	
120653976	22.57	17.01	2.84	
120656428	22.57	17.01	2.84	
120658880	22.57	16.99	2.85	
120661344	22.57	21.22	0.69	
120663828	22.57	16.99	2.85	
120666276	22.57	17.01	2.84	
120668792	22.57	21.05	0.78	
120671220	22.57	17.13	2.78	
120673684	22.57	17.01	2.84	
120676148	22.57	16.99	2.85	
120678600	22.57	17.01	2.84	
120681064	22.57	16.98	2.86	
120683564	22.57	21.24	0.68	
120686008	22.57	17.01	2.84	
120688456	22.57	17.01	2.84	
120690924	22.57	21.21	0.69	
120693404	22.57	17.01	2.84	
120695852	22.57	16.99	2.85	
120698352	22.57	17.01	2.84	
120700784	22.57	21.22	0.69	
120703268	22.57	16.99	2.85	
120705732	22.57	17.01	2.84	
120708212	22.57	17.01	2.84	
120710692	22.57	16.97	2.86	
120713128	22.57	21.25	0.67	
120715568	22.57	16.99	2.85	
120718040	22.57	21.25	0.67	
120720508	22.57	16.98	2.86	
120723004	22.57	12.74	5.00	
120725440	22.57	17.01	2.84	
120727896	22.57	16.99	2.85	
120730396	22.57	21.12	0.74	
120732860	22.57	17.09	2.80	
120735308	22.57	16.99	2.85	
120737772	22.57	17.01	2.84	
120740252	22.57	16.97	2.86	
120742688	22.57	17.01	2.84	
120745156	22.57	17.01	2.84	
120747636	22.57	21.24	0.68	
120750116	22.57	16.98	2.86	
120752544	22.57	16.99	2.85	
120755008	22.57	17.01	2.84	
120757480	22.57	17.01	2.84	
120759944	22.57	21.21	0.69	
120762440	22.57	17.01	2.84	
120764908	22.57	16.99	2.85	
120767356	22.57	17.01	2.84	
120769820	22.57	16.98	2.86	
120772264	22.57	16.99	2.85	
120774788	22.57	21.08	0.76	
120777228	22.57	17.12	2.78	
120779692	22.57	16.99	2.85	
120782160	22.57	16.90	2.90	
120784624	22.57	12.83	4.98	
120787064	22.57	21.25	0.67	
120789540	22.57	16.97	2.86	
120792004	22.57	17.01	2.84	
120794468	22.57	17.01	2.84	
120796932	22.57	16.99	2.85	
120799420	22.57	16.98	2.86	
120801868	22.57	16.99	2.85	
120804344	22.57	17.01	2.84	
120806812	22.57	21.05	0.78	
120809260	22.57	17.13	2.78	
120811736	22.57	17.01	2.84	
120814172	22.57	16.99	2.85	
120816632	22.57	17.01	2.84	
120819136	22.57	21.22	0.69	
120821568	22.57	16.99	2.85	
120824036	22.57	17.01	2.84	
120826528	22.57	17.01	2.84	
120828996	22.57	21.21	0.69	
120831460	22.57	17.01	2.84	
120833888	22.57	16.99	2.85	
120836376	22.57	17.01	2.84	
120838856	22.57	21.22	0.69	
120841292	22.57	16.99	2.85	
120843760	22.57	16.95	2.87	
120846216	22.57	21.32	0.64	
120848700	22.57	16.97	2.86	
120851164	22.57	17.01	2.84	
120853612	22.57	16.99	2.85	
120856072	22.57	17.01	2.84	
120858572	22.57	16.98	2.86	
120861020	22.57	16.99	2.85	
120863504	22.57	17.01	2.84	
120865956	22.57	21.25	0.67	
120868408	22.57	21.18	0.71	
120870884	22.57	17.02	2.83	
120873348	22.57	16.99	2.85	
120875792	22.57	16.99	2.85	
120878300	22.57	21.22	0.69	
120880728	22.57	17.02	2.84	
120883192	22.57	21.23	0.68	
120885676	22.57	17.02	2.84	
120888140	22.57	16.97	2.86	
120890592	22.57	16.99	2.85	
120893048	22.57	17.02	2.84	
120895552	22.57	21.23	0.68	
120898016	22.57	21.05	0.78	
120900464	22.57	17.16	2.76	
120902912	22.57	16.99	2.85	
120905408	22.57	21.25	0.67	
120907860	22.57	16.97	2.86	
120910344	22.57	16.97	2.86	
120912768	22.57	21.29	0.65	
120915252	22.57	17.02	2.84	
120917720	22.57	16.97	2.86	
120920228	22.57	21.08	0.76	
120922648	22.57	17.13	2.78	
120925096	22.57	21.25	0.67	
120927580	22.57	16.97	2.86	
120930024	22.57	16.99	2.85	
120932524	22.57	21.25	0.67	
120934956	22.57	21.25	0.67	
120937424	22.57	16.97	2.86	
120939920	22.57	21.08	0.76	
120942368	22.57	17.16	2.76	
120944820	22.57	16.99	2.85	
120947280	22.57	21.22	0.69	
120949744	22.57	16.99	2.85	
120952212	22.57	21.25	0.67	
120954672	22.57	16.99	2.85	
120957176	22.57	21.05	0.78	
120959628	22.57	17.13	2.78	
120962076	22.57	17.02	2.84	
120964568	22.57	21.25	0.67	
120967032	22.57	21.02	0.79	
120969460	22.57	17.16	2.76	
120971948	22.57	16.99	2.85	
120974428	22.57	16.99	2.85	
120976876	22.57	16.96	2.86	
120979380	22.57	21.09	0.75	
120981788	22.57	17.16	2.76	
120984256	22.57	21.25	0.67	
120986740	22.57	16.97	2.86	
120989184	22.57	16.99	2.85	
120991672	22.57	21.25	0.67	
120994136	22.57	21.15	0.72	
120996612	22.57	17.05	2.82	
120999052	22.57	16.99	2.85	
121001512	22.57	17.02	2.84	
121004008	22.57	21.25	0.67	
121006472	22.57	21.09	0.75	
121008924	22.57	17.10	2.79	
121011404	22.57	16.99	2.85	
121013840	22.57	16.99	2.85	
121016340	22.57	21.22	0.69	
121018768	22.57	17.02	2.84	
121021232	22.57	21.23	0.68	
121023728	22.57	17.02	2.84	
121026180	22.57	16.97	2.86	
121028628	22.57	16.99	2.85	
121031112	22.57	21.25	0.67	
121033552	22.57	16.99	2.85	
121036024	22.57	16.99	2.85	
121038488	22.57	21.25	0.67	
121040984	22.57	16.99	2.85	
121043424	22.57	16.94	2.88	
121045900	22.57	17.02	2.83	
121048364	22.57	21.25	0.67	
121050808	22.57	17.02	2.84	
121053280	22.57	16.99	2.85	
121055744	22.57	16.97	2.86	
121058208	22.57	16.99	2.85	
121060672	22.57	17.02	2.84	
121063136	22.57	21.25	0.67	
121065636	22.57	16.97	2.86	
121068072	22.57	16.99	2.85	
121070528	22.57	17.02	2.84	
121073016	22.57	21.02	0.79	
121075484	22.57	17.16	2.76	
121077932	22.57	16.99	2.85	
121080392	22.57	16.99	2.85	
121082856	22.57	21.25	0.67	
121085340	22.57	16.97	2.86	
121087784	22.57	17.02	2.84	
121090252	22.57	16.99	2.85	
121092712	22.57	16.99	2.85	
121095188	22.57	16.99	2.85	
121097648	22.57	16.99	2.85	
121100132	22.57	16.99	2.85	
121102596	22.57	16.99	2.85	
121105072	22.57	16.99	2.85	
121107512	22.57	21.25	0.67	
121110004	22.57	16.99	2.85	
121112468	22.57	16.99	2.85	
121114904	22.57	16.97	2.86	
121117376	22.57	16.94	2.88	
121119836	22.57	17.08	2.81	
121122296	22.57	16.99	2.85	
121124780	22.57	16.99	2.85	
121127224	22.57	16.99	2.85	
121129688	22.57	16.99	2.85	
121132192	22.57	21.25	0.67	
121134652	22.57	16.97	2.86	
121137108	22.57	17.02	2.84	
121139572	22.57	16.99	2.85	
121142016	22.57	16.99	2.85	
121144516	22.57	16.99	2.85	
121146964	22.57	16.99	2.85	
121149428	22.57	16.99	2.85	
121151872	22.57	16.99	2.85	
121154372	22.57	21.22	0.69	
121156812	22.57	17.02	2.84	
121159292	22.57	16.99	2.85	
121161768	22.57	16.99	2.85	
121164220	22.57	16.97	2.86	
121166684	22.57	17.02	2.84	
121169132	22.57	16.99	2.85	
121171624	22.57	21.05	0.78	
121174096	22.57	17.13	2.78	
121176548	22.57	16.99	2.85	
121179012	22.57	17.02	2.84	
121181464	22.57	16.99	2.85	
121183940	22.57	21.22	0.69	
121186416	22.57	16.99	2.85	
121188848	22.57	16.99	2.85	
121191336	22.57	16.85	2.92	
121193788	22.57	21.43	0.58	
121196252	22.57	16.99	2.85	
121198716	22.57	16.99	2.85	
121201208	22.57	17.02	2.84	
121203660	22.57	21.19	0.70	
121206104	22.57	17.02	2.84	
121208588	22.57	21.12	0.74	
121211068	22.57	17.10	2.79	
121213532	22.57	16.97	2.86	
121215988	22.57	16.99	2.85	
121218432	22.57	17.02	2.84	
121220896	22.57	16.99	2.85	
121223396	22.57	21.22	0.69	
121225824	22.57	16.99	2.85	
121228296	22.57	21.25	0.67	
121230760	22.57	16.99	2.85	
121233224	22.57	16.99	2.85	
121235720	22.57	21.23	0.68	
121238152	22.57	17.02	2.84	
121240656	22.57	21.12	0.74	
121243116	22.57	17.08	2.81	
121245564	22.57	16.99	2.85	
121248008	22.57	17.02	2.84	
121250496	22.57	21.23	0.68	
121252948	22.57	16.99	2.85	
121255440	22.57	21.25	0.67	
121257872	22.57	16.99	2.85	
121260336	22.57	16.99	2.85	
121262820	22.57	21.22	0.69	
121265300	22.57	16.99	2.85	
121267752	22.57	21.25	0.67	
121270192	22.57	16.99	2.85	
121272692	22.57	21.22	0.69	
121275148	22.57	17.02	2.84	
121277596	22.57	16.99	2.85	
121280056	22.57	16.99	2.85	
121282520	22.57	16.97	2.86	
121285004	22.57	21.25	0.67	
121287448	22.57	17.02	2.84	
121289952	22.57	21.02	0.79	
121292400	22.57	17.16	2.76	
121294880	22.57	16.99	2.85	
121297312	22.57	16.99	2.85	
121299808	22.57	21.25	0.67	
121302244	22.57	16.97	2.86	
121304724	22.57	21.25	0.67	
121307172	22.57	17.02	2.84	
121309640	22.57	21.25	0.67	
121312132	22.57	16.97	2.86	
121314584	22.57	16.99	2.85	
121317032	22.57	16.99	2.85	
121319532	22.57	21.25	0.67	
121321968	22.57	16.96	2.86	
121324424	22.57	21.26	0.67	
121326908	22.57	17.02	2.84	
121329372	22.57	16.99	2.85	
121331828	22.57	16.97	2.86	
121334316	22.57	21.25	0.67	
121336752	22.57	16.99	2.85	
121339236	22.57	21.25	0.67	
121341680	22.57	16.99	2.85	
121344180	22.57	21.23	0.68	
121346608	22.57	17.02	2.84	
121349096	22.57	16.99	2.85	
121351576	22.57	21.08	0.76	
121354028	22.57	17.10	2.79	
121356504	22.57	16.99	2.85	
121358968	22.57	17.02	2.84	
121361436	22.57	21.22	0.69	
121363864	22.57	16.99	2.85	
121366352	22.57	21.25	0.67	
121368828	22.57	16.99	2.85	
121371264	22.57	16.97	2.86	
121373764	22.57	17.02	2.84	
121376232	22.57	21.25	0.67	
121378656	22.57	16.99	2.85	
121381120	22.57	16.97	2.86	
121383608	22.57	21.25	0.67	
121386052	22.57	16.99	2.85	
121388552	22.57	16.96	2.86	
121391012	22.57	21.26	0.67	
121393448	22.57	17.02	2.84	
121395912	22.57	16.99	2.85	
121398380	22.57	16.99	2.85	
121400840	22.57	16.99	2.85	
121403304	22.57	21.23	0.68	
121405788	22.57	17.02	2.84	
121408252	22.57	16.99	2.85	
121410708	22.57	16.97	2.86	
121413168	22.57	17.02	2.84	
121415652	22.57	16.99	2.85	
121418100	22.57	16.99	2.85	
121420616	22.57	21.05	0.78	
121423036	22.57	17.13	2.78	
121425488	22.57	17.02	2.84	
121427956	22.57	21.25	0.67	
121430452	22.57	16.97	2.86	
121432908	22.57	16.99	2.85	
121435384	22.57	16.99	2.85	
121437836	22.57	17.02	2.84	
121440316	22.57	16.97	2.86	
121442764	22.57	16.99	2.85	
121445208	22.57	17.02	2.84	
121447712	22.57	21.23	0.68	
121450172	22.57	16.99	2.85	
121452612	22.57	16.99	2.85	
121455080	22.57	16.94	2.88	
121457536	22.57	21.32	0.64	
121460020	22.57	16.97	2.86	
121462484	22.57	17.02	2.84	
121464940	22.57	16.99	2.85	
121467400	22.57	16.99	2.85	
121469864	22.57	21.22	0.69	
121472348	22.57	16.99	2.85	
121474792	22.57	17.02	2.84	
121477292	22.57	16.99	2.85	
121479752	22.57	16.97	2.86	
121482204	22.57	21.25	0.67	
121484668	22.57	17.02	2.84	
121487120	22.57	16.99	2.85	
121489588	22.57	16.97	2.86	
121492048	22.57	21.25	0.67	
121494544	22.57	16.99	2.85	
121496996	22.57	17.02	2.84	
121499460	22.57	16.97	2.86	
121501908	22.57	16.99	2.85	
121504392	22.57	16.99	2.85	
121506872	22.57	21.25	0.67	
121509332	22.57	16.99	2.85	
121511768	22.57	16.99	2.85	
121514232	22.57	16.99	2.85	
121516748	22.57	16.99	2.85	
121519196	22.57	21.22	0.69	
121521648	22.57	16.99	2.85	
121524088	22.57	17.02	2.83	
121526568	22.57	21.15	0.72	
121529052	22.57	17.05	2.82	
121531492	22.57	16.99	2.85	
121533972	22.57	17.02	2.84	
121536436	22.57	16.99	2.85	
121538880	22.57	16.97	2.86	
121541344	22.57	17.02	2.84	
121543844	22.57	21.23	0.68	
121546288	22.57	17.02	2.84	
121548744	22.57	16.97	2.86	
121551208	22.57	21.25	0.67	
121553672	22.57	16.99	2.85	
121556168	22.57	16.99	2.85	
121558620	22.57	16.99	2.85	
121561084	22.57	16.99	2.85	
121563528	22.57	16.99	2.85	
121566032	22.57	21.25	0.67	
121568468	22.57	16.97	2.86	
121570928	22.57	17.02	2.84	
121573400	22.57	21.25	0.67	
121575876	22.57	16.99	2.85	
121578340	22.57	16.97	2.86	
121580788	22.57	16.99	2.85	
121583248	22.57	17.02	2.84	
121585752	22.57	21.25	0.67	
121588184	22.57	16.97	2.86	
121590680	22.57	21.08	0.76	
121593112	22.57	17.13	2.78	
121595576	22.57	16.99	2.85	
121598076	22.57	16.99	2.85	
121600512	22.57	16.99	2.85	
121603024	22.57	21.08	0.76	
121605452	22.57	17.13	2.78	
121607936	22.57	16.97	2.86	
121610380	22.57	17.02	2.84	
121612832	22.57	16.99	2.85	
121615328	22.57	21.25	0.67	
121617772	22.57	16.97	2.86	
121620224	22.57	16.99	2.85	
121622692	22.57	17.02	2.84	
121625160	22.57	16.99	2.85	
121627660	22.57	21.22	0.69	
121630088	22.57	16.99	2.85	
121632552	22.57	16.99	2.85	
121635024	22.57	21.25	0.67	
121637480	22.57	16.99	2.85	
121639976	22.57	16.99	2.85	
121642428	22.57	16.99	2.85	
121644916	22.57	21.15	0.72	
121647376	22.57	17.05	2.82	
121649840	22.57	21.25	0.67	
121652276	22.57	16.99	2.85	
121654772	22.57	21.25	0.67	
121657200	22.57	16.99	2.85	
121659684	22.57	21.25	0.67	
121662148	22.57	16.99	2.85	
121664648	22.57	16.99	2.85	
121667064	22.57	21.22	0.69	
121669560	22.57	21.25	0.67	
121672000	22.57	16.99	2.85	
121674488	22.57	21.25	0.67	
121676956	22.57	16.97	2.86	
121679384	22.57	17.02	2.84	
121681848	22.57	16.99	2.85	
121684316	22.57	21.25	0.67	
121686812	22.57	16.97	2.86	
121689252	22.57	16.99	2.85	
121691744	22.57	21.25	0.67	
121694176	22.57	16.99	2.85	
121696660	22.57	21.22	0.69	
121699128	22.57	17.02	2.84	
121701604	22.57	21.23	0.68	
121704040	22.57	17.02	2.84	
121706540	22.57	21.22	0.69	
121708988	22.57	16.99	2.85	
121711432	22.57	16.99	2.85	
121713932	22.57	21.25	0.67	
121716360	22.57	21.22	0.69	
121718856	22.57	16.99	2.85	
121721328	22.57	17.02	2.84	
121723756	22.57	21.23	0.68	
121726252	22.57	16.99	2.85	
121728688	22.57	16.99	2.85	
121731156	22.57	16.99	2.85	
121733648	22.57	21.05	0.78	
121736100	22.57	17.13	2.78	
121738564	22.57	17.02	2.84	
121741028	22.57	16.99	2.85	
121743488	22.57	16.99	2.85	
121746000	22.57	21.05	0.78	
121748428	22.57	17.13	2.78	
121750872	22.57	17.02	2.84	
121753336	22.57	16.99	2.85	
121755836	22.57	16.97	2.86	
121758284	22.57	21.25	0.67	
121760728	22.57	16.99	2.85	
121763192	22.57	17.02	2.84	
121765696	22.57	16.97	2.86	
121768164	22.57	21.25	0.67	
121770604	22.57	16.99	2.85	
121773056	22.57	17.02	2.84	
121775552	22.57	16.97	2.86	
121778004	22.57	21.25	0.67	
121780452	22.57	16.99	2.85	
121782916	22.57	21.25	0.67	
121785420	22.57	16.97	2.86	
121787868	22.57	16.99	2.85	
121790332	22.57	17.02	2.84	
121792796	22.57	16.99	2.85	
121795260	22.57	16.97	2.86	
121797708	22.57	17.02	2.84	
121800176	22.57	21.19	0.70	
121802652	22.57	17.05	2.82	
121805104	22.57	16.97	2.86	
121807600	22.57	21.25	0.67	
121810064	22.57	16.99	2.85	
121812496	22.57	16.99	2.85	
121814960	22.57	16.99	2.85	
121817424	22.57	21.25	0.67	
121819908	22.57	16.99	2.85	
121822364	22.57	16.99	2.85	
121824824	22.57	16.97	2.86	
121827324	22.57	12.76	5.00	
121829788	22.57	21.12	0.74	
121832236	22.57	17.10	2.79	
121834716	22.57	16.99	2.85	
121837164	22.57	16.99	2.85	
121839644	22.57	16.99	2.85	
121842092	22.57	17.02	2.84	
121844544	22.57	16.97	2.86	
121847040	22.57	21.08	0.76	
121849492	22.57	17.13	2.78	
121851968	22.57	16.99	2.85	
121854436	22.57	16.99	2.85	
121856864	22.57	16.99	2.85	
121859328	22.57	16.99	2.85	
121861812	22.57	21.12	0.74	
121864300	22.57	17.08	2.81	
121866756	22.57	16.99	2.85	
121869212	22.57	17.02	2.83	
121871672	22.57	16.99	2.85	
121874128	22.57	16.97	2.86	
121876620	22.57	21.25	0.67	
121879068	22.57	17.02	2.84	
121881532	22.57	16.99	2.85	
121883984	22.57	16.97	2.86	
121886484	22.57	12.65	5.00	
121888948	22.57	21.43	0.58	
121891376	22.57	16.99	2.85	
121893840	22.57	16.97	2.86	
121896312	22.57	17.02	2.84	
121898768	22.57	16.99	2.85	
121901272	22.57	21.05	0.78	
121903732	22.57	17.13	2.78	
121906200	22.57	16.99	2.85	
121908652	22.57	17.02	2.84	
121911116	22.57	16.99	2.85	
121913564	22.57	16.97	2.86	
121916048	22.57	17.02	2.84	
121918524	22.57	21.23	0.68	
121920960	22.57	17.02	2.84	
121923460	22.57	21.05	0.78	
121925888	22.57	17.13	2.78	
121928352	22.57	16.99	2.85	
121930824	22.57	12.76	5.00	
121933288	22.57	16.94	2.88	
121935744	22.57	21.29	0.65	
121938228	22.57	16.99	2.85	
121940692	22.57	17.02	2.84	
121943180	22.57	16.97	2.86	
121945628	22.57	16.99	2.85	
121948072	22.57	16.99	2.85	
121950568	22.57	21.05	0.78	
121953016	22.57	17.16	2.76	
121955468	22.57	16.99	2.85	
121957932	22.57	21.25	0.67	
121960412	22.57	16.99	2.85	
121962892	22.57	16.97	2.86	
121965348	22.57	17.02	2.84	
121967824	22.57	16.99	2.85	
121970264	22.57	16.99	2.85	
121972756	22.57	21.22	0.69	
121975184	22.57	16.99	2.85	
121977672	22.57	21.25	0.67	
121980120	22.57	17.02	2.84	
121982584	22.57	16.97	2.86	
121985084	22.57	21.25	0.67	
121987512	22.57	16.99	2.85	
121989976	22.57	21.25	0.67	
121992460	22.57	16.97	2.86	
121994904	22.57	16.99	2.85	
121997404	22.57	21.25	0.67	
121999872	22.57	16.96	2.86	
122002304	22.57	21.26	0.67	
122004788	22.57	17.02	2.84	
122007232	22.57	16.99	2.85	
122009732	22.57	21.25	0.67	
122012160	22.57	16.97	2.86	
122014624	22.57	21.25	0.67	
122017108	22.57	16.99	2.85	
122019552	22.57	17.02	2.84	
122022060	22.57	21.22	0.69	
122024488	22.57	21.19	0.70	
122026972	22.57	17.05	2.82	
122029416	22.57	16.99	2.85	
122031888	22.57	21.15	0.72	
122034348	22.57	17.05	2.82	
122036812	22.57	21.25	0.67	
122039312	22.57	16.99	2.85	
122041744	22.57	16.99	2.85	
122044240	22.57	21.23	0.68	
122046676	22.57	17.02	2.84	
122049168	22.57	21.25	0.67	
122051612	22.57	16.97	2.86	
122054084	22.57	21.25	0.67	
122056548	22.57	16.99	2.85	
122059012	22.57	16.99	2.85	
122061464	22.57	16.99	2.85	
122063964	22.57	16.99	2.85	
122066428	22.57	21.18	0.71	
122068856	22.57	17.05	2.82	
122071320	22.57	16.97	2.86	
122073784	22.57	21.25	0.67	
122076284	22.57	17.02	2.84	
122078712	22.57	16.99	2.85	
122081216	22.57	21.05	0.78	
122083668	22.57	17.13	2.78	
122086120	22.57	16.99	2.85	
122088612	22.57	21.25	0.67	
122091040	22.57	16.97	2.86	
122093528	22.57	17.02	2.84	
122095972	22.57	21.25	0.67	
122098452	22.57	16.99	2.85	
122100908	22.57	16.97	2.86	
122103424	22.57	21.12	0.74	
122105828	22.57	17.10	2.79	
122108328	22.57	17.02	2.84	
122110780	22.57	21.19	0.70	
122113228	22.57	17.02	2.84	
122115712	22.57	21.25	0.67	
122118164	22.57	16.99	2.85	
122120624	22.57	21.22	0.69	
122123108	22.57	16.99	2.85	
122125556	22.57	16.99	2.85	
122128048	22.57	17.02	2.84	
122130516	22.57	21.22	0.69	
122132952	22.57	21.23	0.68	
122135428	22.57	17.02	2.84	
122137892	22.57	16.99	2.85	
122140344	22.57	16.97	2.86	
122142868	22.57	21.08	0.76	
122145288	22.57	17.13	2.78	
122147736	22.57	17.02	2.84	
122150200	22.57	21.22	0.69	
122152684	22.57	16.99	2.85	
122155132	22.57	16.99	2.85	
122157616	22.57	16.99	2.85	
122160092	22.57	21.22	0.69	
122162528	22.57	17.02	2.84	
122164992	22.57	16.99	2.85	
122167460	22.57	16.99	2.85	
122169920	22.57	16.97	2.86	
122172384	22.57	17.02	2.84	
122174852	22.57	21.25	0.67	
122177332	22.57	16.99	2.85	
122179820	22.57	16.97	2.86	
122182248	22.57	17.02	2.84	
122184716	22.57	16.99	2.85	
122187208	22.57	21.25	0.67	
122189660	22.57	16.97	2.86	
122192128	22.57	16.99	2.85	
122194568	22.57	17.02	2.84	
122197040	22.57	16.99	2.85	
122199504	22.57	21.22	0.69	
122201988	22.57	16.99	2.85	
122204452	22.57	16.99	2.85	
122206896	22.57	17.02	2.84	
122209364	22.57	16.97	2.86	
122211832	22.57	21.18	0.71	
122214308	22.57	17.05	2.82	
122216756	22.57	16.99	2.85	
122219224	22.57	16.99	2.85	
122221692	22.57	16.99	2.85	
122224152	22.57	21.25	0.67	
122226636	22.57	16.99	2.85	
122229100	22.57	16.97	2.86	
122231564	22.57	17.02	2.84	
122234012	22.57	16.99	2.85	
122236488	22.57	21.15	0.72	
122238972	22.57	17.05	2.82	
122241428	22.57	16.99	2.85	
122243888	22.57	17.02	2.84	
122246340	22.57	16.99	2.85	
122248832	22.57	16.97	2.86	
122251272	22.57	21.25	0.67	
122253748	22.57	16.99	2.85	
122256200	22.57	17.02	2.84	
122258664	22.57	16.97	2.86	
122261160	22.57	21.25	0.67	
122263624	22.57	16.99	2.85	
122266072	22.57	16.99	2.85	
122268520	22.57	16.99	2.85	
122270984	22.57	16.99	2.85	
122273452	22.57	21.25	0.67	
122275948	22.57	16.99	2.85	
122278412	22.57	16.97	2.86	
122280848	22.57	17.02	2.84	
122283312	22.57	16.99	2.85	
122285808	22.57	21.25	0.67	
122288276	22.57	16.97	2.86	
122290704	22.57	16.99	2.85	
122293192	22.57	17.02	2.84	
122295636	22.57	21.25	0.67	
122298120	22.57	16.97	2.86	
122300572	22.57	16.99	2.85	
122303032	22.57	17.02	2.84	
122305528	22.57	21.23	0.68	
122307992	22.57	16.99	2.85	
122310448	22.57	16.99	2.85	
122312924	22.57	21.25	0.67	
122315372	22.57	16.99	2.85	
122317860	22.57	16.97	2.86	
122320308	22.57	17.02	2.84	
122322772	22.57	16.99	2.85	
122325220	22.57	16.99	2.85	
122327700	22.57	21.22	0.69	
122330152	22.57	16.99	2.85	
122332648	22.57	21.01	0.79	
122335092	22.57	17.21	2.74	
122337572	22.57	16.97	2.86	
122340016	22.57	16.99	2.85	
122342508	22.57	21.25	0.67	
122344944	22.57	16.94	2.88	
122347400	22.57	21.29	0.65	
122349884	22.57	16.99	2.85	
122352328	22.57	17.02	2.84	
122354836	22.57	21.25	0.67	
122357272	22.57	16.97	2.86	
122359728	22.57	21.25	0.67	
122362212	22.57	16.99	2.85	
122364656	22.57	16.99	2.85	
122367156	22.57	21.22	0.69	
122369584	22.57	17.02	2.84	
122372052	22.57	21.23	0.68	
122374532	22.57	17.02	2.84	
122376984	22.57	16.97	2.86	
122379452	22.57	16.99	2.85	
122381940	22.57	21.25	0.67	
122384408	22.57	16.99	2.85	
122386840	22.57	16.99	2.85	
122389324	22.57	21.25	0.67	
122391772	22.57	16.99	2.85	
122394256	22.57	21.25	0.67	
122396712	22.57	21.22	0.69	
122399204	22.57	16.99	2.85	
122401652	22.57	16.99	2.85	
122404116	22.57	16.99	2.85	
122406560	22.57	16.99	2.85	
122409060	22.57	21.25	0.67	
122411496	22.57	16.94	2.88	
122413968	22.57	21.22	0.69	
122416432	45.00	17.05	5.00	
122418892	45.00	16.99	5.00	
122421364	45.00	21.25	5.00	
122423876	45.00	25.27	5.00	
122426340	45.00	21.43	5.00	
122428780	45.00	29.75	5.00	
122431244	45.00	29.75	5.00	
122433728	45.00	29.56	5.00	
122436180	45.00	29.90	5.00	
122438652	45.00	33.82	5.00	
122441108	45.00	29.90	5.00	
122443592	45.00	34.01	5.00	
122446064	45.00	33.93	5.00	
122448480	45.00	38.25	3.45	
122450992	45.00	34.01	5.00	
122453428	45.00	34.01	5.00	
122455868	45.00	38.18	3.48	
122458388	45.00	33.99	5.00	
122460824	45.00	38.27	3.44	
122463296	45.00	33.99	5.00	
122465756	45.00	33.96	5.00	
122468188	45.00	38.25	3.45	
122470684	45.00	33.99	5.00	
122473152	45.00	38.21	3.47	
122475624	45.00	33.99	5.00	
122478116	45.00	33.96	5.00	
122480548	45.00	34.04	5.00	
122482980	45.00	38.27	3.44	
122485476	45.00	33.93	5.00	
122487964	45.00	38.25	3.45	
122490404	45.00	34.01	5.00	
122492848	45.00	38.18	3.48	
122495336	45.00	34.01	5.00	
122497828	45.00	33.99	5.00	
122500280	45.00	38.25	3.45	
122502728	45.00	34.01	5.00	
122505196	45.00	33.93	5.00	
122507628	45.00	38.27	3.44	
122510124	45.00	33.99	5.00	
122512616	45.00	34.01	5.00	
122515056	45.00	38.18	3.48	
122517492	45.00	34.01	5.00	
122519988	45.00	33.99	5.00	
122522448	45.00	34.01	5.00	
122524920	45.00	33.93	5.00	
122527376	45.00	34.01	5.00	
122529848	45.00	33.99	5.00	
122532288	45.00	38.27	3.44	
122534776	45.00	33.88	5.00	
122537244	45.00	29.80	5.00	
122539704	45.00	34.01	5.00	
122542176	45.00	33.99	5.00	
122544616	45.00	33.90	5.00	
122547068	45.00	34.07	5.00	
122549536	45.00	33.99	5.00	
122552028	45.00	34.01	5.00	
122554528	45.00	33.93	5.00	
122556960	45.00	34.01	5.00	
122559428	45.00	33.99	5.00	
122561908	45.00	37.90	3.63	
122564324	45.00	34.26	5.00	
122566848	45.00	34.01	5.00	
122569308	45.00	33.71	5.00	
122571752	45.00	38.58	3.28	
122574220	45.00	33.93	5.00	
122576652	45.00	38.25	3.45	
122579152	45.00	34.01	5.00	
122581608	45.00	38.25	3.45	
122584080	45.00	33.96	5.00	
122586560	45.00	33.71	5.00	
122589008	45.00	38.56	3.29	
122591500	45.00	38.25	3.45	
122593940	45.00	33.96	5.00	
122596384	45.00	38.25	3.45	
122598864	45.00	34.01	5.00	
122601328	45.00	38.25	3.45	
122603796	45.00	33.96	5.00	
122606260	45.00	33.99	5.00	
122608728	45.00	34.01	5.00	
122611196	45.00	37.82	3.67	
122613680	45.00	34.32	5.00	
122616144	45.00	34.01	5.00	
122618584	45.00	38.25	3.45	
122621080	45.00	34.01	5.00	
122623512	45.00	38.18	3.48	
122625956	45.00	38.25	3.45	
122628444	45.00	34.01	5.00	
122630880	45.00	38.25	3.45	
122633384	45.00	33.93	5.00	
122635840	45.00	38.27	3.44	
122638324	45.00	37.94	3.61	
122640772	45.00	34.26	5.00	
122643232	45.00	38.18	3.48	
122645704	45.00	34.01	5.00	
122648132	45.00	38.25	3.45	
122650656	45.00	37.88	3.64	
122653108	45.00	34.29	5.00	
122655532	45.00	38.25	3.45	
122658052	45.00	34.01	5.00	
122660512	45.00	38.25	3.45	
122662960	45.00	38.06	3.55	
122665392	45.00	34.12	5.00	
122667856	45.00	33.99	5.00	
122670368	45.00	34.01	5.00	
122672816	45.00	38.18	3.48	
122675288	45.00	37.94	3.61	
122677756	45.00	34.29	5.00	
122680208	45.00	38.25	3.45	
122682700	45.00	33.93	5.00	
122685136	45.00	38.25	3.45	
122687608	45.00	38.27	3.44	
122690044	45.00	33.99	5.00	
122692540	45.00	33.96	5.00	
122695004	45.00	33.99	5.00	
122697464	45.00	38.27	3.44	
122699936	45.00	38.25	3.45	
122702396	45.00	33.93	5.00	
122704856	45.00	38.25	3.45	
122707292	45.00	38.27	3.44	
122709788	45.00	33.99	5.00	
122712264	45.00	38.18	3.48	
122714716	45.00	38.25	3.45	
122717192	45.00	34.01	5.00	
122719620	45.00	38.25	3.45	
122722116	45.00	33.96	5.00	
122724584	45.00	33.99	5.00	
122727032	45.00	38.27	3.44	
122729516	45.00	33.99	5.00	
122732004	45.00	33.96	5.00	
122734440	45.00	38.25	3.45	
122736928	45.00	37.94	3.61	
122739344	45.00	34.29	5.00	
122741848	45.00	33.93	5.00	
122744296	45.00	38.18	3.48	
122746788	45.00	34.07	5.00	
122749256	45.00	38.25	3.45	
122751668	45.00	38.18	3.48	
122754192	45.00	37.94	3.61	
122756636	45.00	34.29	5.00	
122759096	45.00	37.88	3.64	
122761556	45.00	34.29	5.00	
122764016	45.00	38.25	3.45	
122766460	45.00	38.25	3.45	
122768972	45.00	33.68	5.00	
122771416	45.00	38.56	3.29	
122773852	45.00	38.25	3.45	
122776368	45.00	37.94	3.61	
122778840	45.00	34.29	5.00	
122781276	45.00	37.88	3.64	
122783740	45.00	34.26	5.00	
122786192	45.00	38.27	3.44	
122788648	45.00	38.25	3.45	
122791168	45.00	33.93	5.00	
122793600	45.00	38.25	3.45	
122796040	45.00	38.27	3.44	
122798556	45.00	33.66	5.00	
122800992	45.00	38.56	3.29	
122803480	45.00	38.27	3.44	
122805908	45.00	38.25	3.45	
122808396	45.00	33.99	5.00	
122810856	45.00	38.18	3.48	
122813320	45.00	38.27	3.44	
122815804	45.00	37.94	3.61	
122818252	45.00	34.26	5.00	
122820688	45.00	38.18	3.48	
122823188	45.00	33.96	5.00	
122825640	45.00	38.31	3.42	
122828108	45.00	38.25	3.45	
122830548	45.00	38.18	3.48	
122833072	45.00	34.01	5.00	
122835504	45.00	38.25	3.45	
122837968	45.00	38.25	3.45	
122840440	45.00	38.09	3.53	
122842900	45.00	34.10	5.00	
122845340	45.00	38.25	3.45	
122847848	45.00	34.01	5.00	
122850296	45.00	38.18	3.48	
122852764	45.00	34.01	5.00	
122855224	45.00	38.25	3.45	
122857696	45.00	33.99	5.00	
122860128	45.00	38.21	3.47	
122862648	45.00	33.99	5.00	
122865096	45.00	38.25	3.45	
122867568	45.00	38.25	3.45	
122870024	45.00	33.96	5.00	
122872504	45.00	38.25	3.45	
122874952	45.00	38.25	3.45	
122877432	45.00	34.01	5.00	
122879872	45.00	38.18	3.48	
122882336	45.00	38.25	3.45	
122884804	45.00	37.94	3.61	
122887276	45.00	34.29	5.00	
122889736	45.00	38.12	3.51	
122892228	45.00	34.07	5.00	
122894664	45.00	38.25	3.45	
122897128	45.00	38.25	3.45	
122899600	45.00	38.18	3.48	
122902080	45.00	37.94	3.61	
122904532	45.00	34.29	5.00	
122906956	45.00	38.25	3.45	
122909456	45.00	38.18	3.48	
122911928	45.00	34.01	5.00	
122914384	45.00	38.25	3.45	
122916848	45.00	38.25	3.45	
122919296	45.00	38.12	3.51	
122921780	45.00	34.07	5.00	
122924248	45.00	38.25	3.45	
122926684	45.00	38.25	3.45	
122929208	45.00	33.96	5.00	
122931640	45.00	38.25	3.45	
122934104	45.00	38.25	3.45	
122936576	45.00	38.25	3.45	
122939008	45.00	38.18	3.48	
122941528	45.00	34.01	5.00	
122943968	45.00	38.25	3.45	
122946428	45.00	38.25	3.45	
122948912	45.00	38.18	3.48	
122951360	45.00	34.01	5.00	
122953832	45.00	38.25	3.45	
122956296	45.00	38.12	3.51	
122958724	45.00	38.31	3.42	
122961240	45.00	34.01	5.00	
122963688	45.00	38.25	3.45	
122966124	45.00	38.25	3.45	
122968640	45.00	37.94	3.61	
122971088	45.00	34.23	5.00	
122973548	45.00	38.00	3.58	
122976012	45.00	34.23	5.00	
122978480	45.00	38.18	3.48	
122980944	45.00	38.25	3.45	
122983400	45.00	38.25	3.45	
122985848	45.00	38.25	3.45	
122988364	45.00	33.96	5.00	
122990808	45.00	38.25	3.45	
122993288	45.00	38.25	3.45	
122995708	45.00	38.25	3.45	
122998220	45.00	33.96	5.00	
123000656	45.00	38.25	3.45	
123003128	45.00	38.25	3.45	
123005588	45.00	34.01	5.00	
123008064	45.00	38.18	3.48	
123010520	45.00	38.25	3.45	
123012960	45.00	38.25	3.45	
123015472	45.00	34.01	5.00	
123017912	45.00	38.18	3.48	
123020408	45.00	34.01	5.00	
123022848	45.00	38.12	3.51	
123025312	45.00	38.37	3.39	
123027772	45.00	38.00	3.58	
123030244	45.00	34.18	5.00	
123032712	45.00	38.25	3.45	
123035184	45.00	37.88	3.64	
123037636	45.00	34.29	5.00	
123040096	45.00	38.25	3.45	
123042588	45.00	33.99	5.00	
123045032	45.00	38.27	3.44	
123047524	45.00	33.93	5.00	
123049992	45.00	38.25	3.45	
123052424	45.00	38.25	3.45	
123054868	45.00	38.27	3.44	
123057384	45.00	33.93	5.00	
123059840	45.00	38.25	3.45	
123062288	45.00	38.27	3.44	
123064748	45.00	38.25	3.45	
123067216	45.00	38.18	3.48	
123069688	45.00	38.25	3.45	
123072144	45.00	38.25	3.45	
123074620	45.00	38.00	3.58	
123077100	45.00	33.90	5.00	
123079536	45.00	38.56	3.29	
123082000	45.00	38.25	3.45	
123084496	45.00	38.25	3.45	
123086968	45.00	38.18	3.48	
123089400	45.00	38.21	3.47	
123091868	45.00	38.00	3.58	
123094332	45.00	34.26	5.00	
123096792	45.00	38.21	3.47	
123099308	45.00	38.25	3.45	
123101724	45.00	42.14	1.46	
123104212	45.00	38.52	3.31	
123106660	45.00	33.99	5.00	
123109120	45.00	38.25	3.45	
123111592	45.00	38.25	3.45	
123114056	45.00	38.27	3.44	
123116512	45.00	38.18	3.48	
123118956	45.00	38.25	3.45	
123121464	45.00	34.01	5.00	
123123928	45.00	38.25	3.45	
123126348	45.00	38.18	3.48	
123128848	45.00	33.99	5.00	
123131328	45.00	37.96	3.60	
123133780	45.00	34.26	5.00	
123136240	45.00	38.18	3.48	
123138704	45.00	38.12	3.51	
123141168	45.00	34.12	5.00	
123143628	45.00	38.25	3.45	
123146104	45.00	38.18	3.48	
123148584	45.00	38.27	3.44	
123151024	45.00	38.25	3.45	
123153500	45.00	37.88	3.64	
123155964	45.00	34.26	5.00	
123158408	45.00	38.27	3.44	
123160884	45.00	33.99	5.00	
123163316	45.00	38.25	3.45	
123165824	45.00	33.96	5.00	
123168280	45.00	38.25	3.45	
123170748	45.00	37.94	3.61	
123173212	45.00	34.29	5.00	
123175684	45.00	38.18	3.48	
123178144	45.00	34.01	5.00	
123180604	45.00	38.25	3.45	
123183072	45.00	38.25	3.45	
123185508	45.00	38.18	3.48	
123188024	45.00	34.01	5.00	
123190480	45.00	38.25	3.45	
123192900	45.00	38.25	3.45	
123195400	45.00	38.18	3.48	
123197856	45.00	34.01	5.00	
123200292	45.00	38.25	3.45	
123202816	45.00	33.99	5.00	
123205280	45.00	38.21	3.47	
123207708	45.00	38.25	3.45	
123210212	45.00	33.99	5.00	
123212672	45.00	34.01	5.00	
123215116	45.00	38.18	3.48	
123217564	45.00	38.18	3.48	
123220048	45.00	34.07	5.00	
123222512	45.00	38.25	3.45	
123224976	45.00	38.18	3.48	
123227440	45.00	38.25	3.45	
123229904	45.00	34.01	5.00	
123232376	45.00	38.25	3.45	
123234820	45.00	38.18	3.48	
123237296	45.00	34.01	5.00	
123239764	45.00	38.25	3.45	
123242228	45.00	38.25	3.45	
123244704	45.00	38.18	3.48	
123247160	45.00	38.25	3.45	
123249596	45.00	38.25	3.45	
123252096	45.00	38.09	3.53	
123254556	45.00	34.10	5.00	
123257040	45.00	38.25	3.45	
123259472	45.00	38.27	3.44	
123261920	45.00	38.25	3.45	
123264424	45.00	38.06	3.55	
123266884	45.00	34.10	5.00	
123269348	45.00	38.27	3.44	
123271808	45.00	38.25	3.45	
123274280	45.00	38.18	3.48	
123276728	45.00	38.25	3.45	
123279224	45.00	34.01	5.00	
123281672	45.00	38.25	3.45	
123284136	45.00	38.18	3.48	
123286632	45.00	38.25	3.45	
123289072	45.00	38.25	3.45	
123291528	45.00	34.01	5.00	
123293992	45.00	38.18	3.48	
123296456	45.00	38.25	3.45	
123298900	45.00	38.25	3.45	
123301412	45.00	33.96	5.00	
123303856	45.00	38.25	3.45	
123306344	45.00	38.25	3.45	
123308780	45.00	38.25	3.45	
123311256	45.00	34.01	5.00	
123313728	45.00	38.18	3.48	
123316156	45.00	38.25	3.45	
123318644	45.00	34.01	5.00	
123321108	45.00	38.25	3.45	
123323584	45.00	38.18	3.48	
123326040	45.00	38.25	3.45	
123328528	45.00	38.25	3.45	
123330968	45.00	34.01	5.00	
123333432	45.00	38.18	3.48	
123335904	45.00	38.25	3.45	
123338376	45.00	38.25	3.45	
123340836	45.00	38.27	3.44	
123343312	45.00	33.93	5.00	
123345760	45.00	38.25	3.45	
123348228	45.00	38.27	3.44	
123350660	45.00	38.25	3.45	
123353184	45.00	37.88	3.64	
123355628	45.00	34.26	5.00	
123358052	45.00	38.27	3.44	
123360568	45.00	37.94	3.61	
123363016	45.00	34.21	5.00	
123365488	45.00	38.25	3.45	
123367952	45.00	38.15	3.50	
123370412	45.00	34.10	5.00	
123372872	45.00	38.18	3.48	
123375360	45.00	37.96	3.60	
123377816	45.00	34.26	5.00	
123380268	45.00	38.25	3.45	
123382736	45.00	38.18	3.48	
123385200	45.00	34.01	5.00	
123387664	45.00	38.25	3.45	
123390136	45.00	38.25	3.45	
123392608	45.00	33.96	5.00	
123395056	45.00	38.25	3.45	
123397520	45.00	38.25	3.45	
123399992	45.00	34.01	5.00	
123402464	45.00	38.00	3.58	
123404924	45.00	34.18	5.00	
123407392	45.00	38.25	3.45	
123409852	45.00	33.99	5.00	
123412336	45.00	38.18	3.48	
123414792	45.00	38.09	3.53	
123417244	45.00	34.15	5.00	
123419688	45.00	38.25	3.45	
123422204	45.00	33.96	5.00	
123424640	45.00	38.25	3.45	
123427124	45.00	34.01	5.00	
123429568	45.00	38.25	3.45	
123432040	45.00	38.18	3.48	
123434532	45.00	33.96	5.00	
123436984	45.00	38.31	3.42	
123439448	45.00	38.25	3.45	
123441924	45.00	33.93	5.00	
123444364	45.00	38.27	3.44	
123446824	45.00	38.25	3.45	
123449288	45.00	38.25	3.45	
123451752	45.00	38.18	3.48	
123454188	45.00	38.25	3.45	
123456688	45.00	38.25	3.45	
123459164	45.00	34.01	5.00	
123461616	45.00	38.18	3.48	
123464080	45.00	38.25	3.45	
123466568	45.00	42.16	1.45	
123469016	45.00	34.29	5.00	
123471472	45.00	38.18	3.48	
123473944	45.00	38.25	3.45	
123476400	45.00	38.25	3.45	
123478896	45.00	38.25	3.45	
123481344	45.00	38.18	3.48	
123483824	45.00	38.00	3.58	
123486272	45.00	34.23	5.00	
123488752	45.00	38.25	3.45	
123491192	45.00	38.18	3.48	
123493680	45.00	34.01	5.00	
123496128	45.00	37.94	3.61	
123498596	45.00	34.29	5.00	
123501056	45.00	38.12	3.51	
123503540	45.00	34.04	5.00	
123506008	45.00	34.01	5.00	
123508448	45.00	38.25	3.45	
123510928	45.00	38.06	3.55	
123513404	45.00	34.12	5.00	
123515864	45.00	34.01	5.00	
123518308	45.00	38.25	3.45	
123520776	45.00	38.18	3.48	
123523268	45.00	37.94	3.61	
123525708	45.00	34.29	5.00	
123528168	45.00	38.25	3.45	
123530636	45.00	33.93	5.00	
123533096	45.00	38.25	3.45	
123535568	45.00	38.27	3.44	
123538028	45.00	33.99	5.00	
123540504	45.00	38.18	3.48	
123542984	45.00	38.25	3.45	
123545396	45.00	38.27	3.44	
123547916	45.00	33.99	5.00	
123550352	45.00	38.18	3.48	
123552824	45.00	34.01	5.00	
123555280	45.00	38.25	3.45	
123557748	45.00	38.25	3.45	
123560220	45.00	33.96	5.00	
123562680	45.00	38.25	3.45	
123565152	45.00	38.25	3.45	
123567620	45.00	33.90	5.00	
123570044	45.00	38.31	3.42	
123572552	45.00	38.06	3.55	
123575004	45.00	34.18	5.00	
123577472	45.00	38.25	3.45	
123579956	45.00	38.18	3.48	
123582400	45.00	34.01	5.00	
123584864	45.00	38.25	3.45	
123587312	45.00	38.25	3.45	
123589800	45.00	33.93	5.00	
123592228	45.00	38.27	3.44	
123594748	45.00	33.99	5.00	
123597192	45.00	38.25	3.45	
123599628	45.00	38.18	3.48	
123602128	45.00	34.01	5.00	
123604560	45.00	38.25	3.45	
123607080	45.00	34.01	5.00	
123609512	45.00	38.18	3.48	
123611976	45.00	38.25	3.45	
123614420	45.00	38.25	3.45	
123616908	45.00	38.25	3.45	
123619384	45.00	33.96	5.00	
123621840	45.00	38.25	3.45	
123624304	45.00	38.25	3.45	
123626768	45.00	38.25	3.45	
123629204	45.00	38.21	3.47	
123631728	45.00	33.99	5.00	
123634168	45.00	38.25	3.45	
123636616	45.00	38.27	3.44	
123639096	45.00	38.18	3.48	
123641556	45.00	38.25	3.45	
123644032	45.00	33.99	5.00	
123646488	45.00	38.27	3.44	
123648952	45.00	38.18	3.48	
123651404	45.00	38.00	3.58	
123653904	45.00	34.21	5.00	
123656364	45.00	38.27	3.44	
123658812	45.00	38.12	3.51	
123661284	45.00	34.04	5.00	
123663744	45.00	38.27	3.44	
123666212	45.00	33.99	5.00	
123668680	45.00	38.18	3.48	
123671128	45.00	38.25	3.45	
123673632	45.00	34.01	5.00	
123676072	45.00	38.25	3.45	
123678560	45.00	38.18	3.48	
123681016	45.00	38.25	3.45	
123683464	45.00	38.27	3.44	
123685936	45.00	33.99	5.00	
123688392	45.00	38.18	3.48	
123690848	45.00	38.27	3.44	
123693324	45.00	38.25	3.45	
123695788	45.00	38.25	3.45	
123698264	45.00	33.93	5.00	
123700720	45.00	38.27	3.44	
123703184	45.00	38.25	3.45	
123705620	45.00	38.25	3.45	
123708136	45.00	37.88	3.64	
123710584	45.00	34.29	5.00	
123713012	45.00	38.25	3.45	
123715520	45.00	38.00	3.58	
123717980	45.00	34.18	5.00	
123720440	45.00	38.25	3.45	
123722912	45.00	38.25	3.45	
123725344	45.00	38.25	3.45	
123727860	45.00	33.96	5.00	
123730296	45.00	38.25	3.45	
123732740	45.00	38.18	3.48	
123735256	45.00	34.04	5.00	
123737696	45.00	38.21	3.47	
123740184	45.00	37.94	3.61	
123742596	45.00	34.26	5.00	
123745088	45.00	34.01	5.00	
123747560	45.00	38.18	3.48	
123750004	45.00	38.06	3.55	
123752512	45.00	38.12	3.51	
123754948	45.00	34.29	5.00	
123757440	45.00	38.18	3.48	
123759884	45.00	38.25	3.45	
123762316	45.00	38.25	3.45	
123764836	45.00	38.27	3.44	
123767284	45.00	33.93	5.00	
123769736	45.00	38.25	3.45	
123772208	45.00	38.27	3.44	
123774672	45.00	38.25	3.45	
123777144	45.00	38.18	3.48	
123779572	45.00	38.25	3.45	
123782064	45.00	38.25	3.45	
123784528	45.00	34.01	5.00	
123786992	45.00	38.18	3.48	
123789464	45.00	38.25	3.45	
123791892	45.00	38.25	3.45	
123794400	45.00	38.06	3.55	
123796860	45.00	34.12	5.00	
123799320	45.00	38.25	3.45	
123801792	45.00	38.25	3.45	
123804220	45.00	38.25	3.45	
123806744	45.00	37.90	3.63	
123809180	45.00	34.26	5.00	
123811640	45.00	38.25	3.45	
123814112	45.00	38.25	3.45	
123816560	45.00	38.15	3.50	
123819072	45.00	34.04	5.00	
123821504	45.00	38.25	3.45	
123823940	45.00	38.25	3.45	
123826440	45.00	33.96	5.00	
123828896	45.00	38.25	3.45	
123831368	45.00	34.01	5.00	
123833832	45.00	38.25	3.45	
123836296	45.00	38.18	3.48	
123838760	45.00	34.01	5.00	
123841228	45.00	33.99	5.00	
123843696	45.00	38.25	3.45	
123846160	45.00	38.15	3.50	
123848596	45.00	38.25	3.45	
123851084	45.00	34.04	5.00	
123853548	45.00	38.25	3.45	
123856024	45.00	38.21	3.47	
123858496	45.00	38.25	3.45	
123860944	45.00	38.25	3.45	
123863428	45.00	38.25	3.45	
123865876	45.00	33.96	5.00	
123868344	45.00	38.25	3.45	
123870804	45.00	38.25	3.45	
123873272	45.00	34.01	5.00	
123875740	45.00	33.93	5.00	
123878172	45.00	38.25	3.45	
123880692	45.00	38.25	3.45	
123883128	45.00	34.01	5.00	
123885600	45.00	38.18	3.48	
123888056	45.00	38.25	3.45	
123890524	45.00	34.01	5.00	
123892992	45.00	38.25	3.45	
123895480	45.00	37.88	3.64	
123897928	45.00	34.29	5.00	
123900396	45.00	33.99	5.00	
123902848	45.00	38.27	3.44	
123905284	45.00	38.18	3.48	
123907780	45.00	37.94	3.61	
123910248	45.00	34.26	5.00	
123912712	45.00	38.15	3.50	
123915184	45.00	38.31	3.42	
123917640	45.00	38.25	3.45	
123920076	45.00	38.25	3.45	
123922600	45.00	33.74	5.00	
123925032	45.00	38.50	3.32	
123927496	45.00	38.25	3.45	
123929960	45.00	38.25	3.45	
123932428	45.00	38.25	3.45	
123934924	45.00	38.18	3.48	
123937360	45.00	34.01	5.00	
123939824	45.00	38.25	3.45	
123942288	45.00	38.25	3.45	
123944756	45.00	33.96	5.00	
123947224	45.00	38.00	3.58	
123949684	45.00	34.23	5.00	
123952152	45.00	38.25	3.45	
123954612	45.00	38.18	3.48	
123957080	45.00	34.01	5.00	
123959524	45.00	38.25	3.45	
123962012	45.00	37.88	3.64	
123964480	45.00	34.26	5.00	
123966960	45.00	38.27	3.44	
123969404	45.00	38.25	3.45	
123971868	45.00	38.25	3.45	
123974308	45.00	38.18	3.48	
123976852	45.00	38.00	3.58	
123979276	45.00	34.12	5.00	
123981728	45.00	38.37	3.39	
123984192	45.00	38.18	3.48	
123986656	45.00	38.25	3.45	
123989148	45.00	38.25	3.45	
123991608	45.00	34.01	5.00	
123994056	45.00	38.18	3.48	
123996520	45.00	38.25	3.45	
123998984	45.00	38.25	3.45	
124001452	45.00	38.27	3.44	
124003916	45.00	37.94	3.61	
124006408	45.00	34.21	5.00	
124008832	45.00	38.27	3.44	
124011320	45.00	38.25	3.45	
124013784	45.00	38.18	3.48	
124016244	45.00	37.94	3.61	
124018712	45.00	34.29	5.00	
124021176	45.00	38.25	3.45	
124023604	45.00	38.18	3.48	
124026104	45.00	33.99	5.00	
124028552	45.00	38.27	3.44	
124031048	45.00	33.99	5.00	
124033500	45.00	37.88	3.64	
124035964	45.00	34.29	5.00	
124038448	45.00	34.01	5.00	
124040888	45.00	38.25	3.45	
124043384	45.00	33.93	5.00	
124045840	45.00	38.18	3.48	
124048304	45.00	38.02	3.56	
124050756	45.00	34.26	5.00	
124053220	45.00	33.96	5.00	
124055660	45.00	38.25	3.45	
124058144	45.00	38.25	3.45	
124060608	45.00	34.01	5.00	
124063072	45.00	38.18	3.48	
124065536	45.00	38.25	3.45	
124068008	45.00	37.94	3.61	
124070468	45.00	34.29	5.00	
124072936	45.00	38.18	3.48	
124075376	45.00	38.25	3.45	
124077888	45.00	34.01	5.00	
124080344	45.00	38.25	3.45	
124082764	45.00	38.18	3.48	
124085264	45.00	33.99	5.00	
124087736	45.00	38.02	3.56	
124090216	45.00	34.21	5.00	
124092656	45.00	38.12	3.51	
124095124	45.00	34.07	5.00	
124097616	45.00	37.94	3.61	
124100052	45.00	34.29	5.00	
124102520	45.00	33.93	5.00	
124104976	45.00	38.25	3.45	
124107432	45.00	38.27	3.44	
124109912	45.00	38.25	3.45	
124112376	45.00	38.18	3.48	
124114840	45.00	38.25	3.45	
124117304	45.00	38.25	3.45	
124119756	45.00	38.25	3.45	
124122264	45.00	33.96	5.00	
124124696	45.00	38.25	3.45	
124127160	45.00	38.25	3.45	
124129628	45.00	38.25	3.45	
124132096	45.00	38.21	3.47	
124134568	45.00	38.25	3.45	
124137004	45.00	38.06	3.55	
124139512	45.00	38.06	3.55	
124141956	45.00	34.29	5.00	
124144424	45.00	38.25	3.45	
124146888	45.00	38.25	3.45	
124149352	45.00	38.25	3.45	
124151800	45.00	38.18	3.48	
124154280	45.00	34.01	5.00	
124156744	45.00	38.25	3.45	
124159216	45.00	38.25	3.45	
124161672	45.00	38.18	3.48	
124164144	45.00	38.25	3.45	
124166600	45.00	34.01	5.00	
124169068	45.00	38.25	3.45	
124171536	45.00	38.18	3.48	
124174004	45.00	34.01	5.00	
124176472	45.00	38.25	3.45	
124178936	45.00	38.25	3.45	
124181396	45.00	33.96	5.00	
124183828	45.00	38.25	3.45	
124186344	45.00	34.01	5.00	
124188792	45.00	38.25	3.45	
124191260	45.00	33.93	5.00	
124193692	45.00	38.25	3.45	
124196184	45.00	34.01	5.00	
124198648	45.00	38.25	3.45	
124201120	45.00	33.96	5.00	
124203576	45.00	38.18	3.48	
124206044	45.00	34.07	5.00	
124208532	45.00	33.99	5.00	
124210992	45.00	38.18	3.48	
124213472	45.00	38.25	3.45	
124215904	45.00	38.27	3.44	
124218400	45.00	33.99	5.00	
124220856	45.00	38.18	3.48	
124223296	45.00	38.25	3.45	
124225768	45.00	38.27	3.44	
124228232	45.00	38.25	3.45	
124230696	45.00	38.06	3.55	
124233164	45.00	34.12	5.00	
124235608	45.00	38.25	3.45	
124238096	45.00	33.99	5.00	
124240576	45.00	37.88	3.64	
124243024	45.00	34.29	5.00	
124245512	45.00	37.82	3.67	
124247948	45.00	34.40	5.00	
124250444	45.00	33.93	5.00	
124252904	45.00	34.01	5.00	
124255352	45.00	38.25	3.45	
124257808	45.00	38.25	3.45	
124260276	45.00	37.88	3.64	
124262740	45.00	34.29	5.00	
124265200	45.00	38.25	3.45	
124267644	45.00	38.25	3.45	
124270164	45.00	33.96	5.00	
124272600	45.00	38.25	3.45	
124275072	45.00	38.25	3.45	
124277528	45.00	38.25	3.45	
124280024	45.00	33.96	5.00	
124282456	45.00	38.25	3.45	
124284892	45.00	38.25	3.45	
124287388	45.00	34.01	5.00	
124289828	45.00	38.18	3.48	
124292352	45.00	34.01	5.00	
124294784	45.00	38.25	3.45	
124297228	45.00	38.25	3.45	
124299740	45.00	33.93	5.00	
124302168	45.00	38.27	3.44	
124304620	45.00	38.25	3.45	
124307112	45.00	38.18	3.48	
124309584	45.00	33.99	5.00	
124312048	45.00	38.27	3.44	
124314504	45.00	38.25	3.45	
124316976	45.00	38.25	3.45	
124319432	45.00	38.18	3.48	
124321884	45.00	38.12	3.51	
124324388	45.00	34.07	5.00	
124326828	45.00	38.31	3.42	
124329324	45.00	42.10	1.48	
124331744	45.00	38.37	3.39	
124334256	45.00	34.15	5.00	
124336688	45.00	38.27	3.44	
124339152	45.00	38.18	3.48	
124341648	45.00	38.25	3.45	
124344052	45.00	38.25	3.45	
124346552	45.00	38.25	3.45	
124349020	45.00	33.96	5.00	
124351512	45.00	38.25	3.45	
124353944	45.00	38.25	3.45	
124356380	45.00	38.25	3.45	
124358904	45.00	33.96	5.00	
124361336	45.00	38.25	3.45	
124363808	45.00	38.25	3.45	
124366268	45.00	38.25	3.45	
124368732	45.00	38.00	3.58	
124371208	45.00	34.18	5.00	
124373664	45.00	38.25	3.45	
124376136	45.00	38.25	3.45	
124378592	45.00	38.21	3.47	
124381060	45.00	33.99	5.00	
124383520	45.00	38.25	3.45	
124385988	45.00	38.25	3.45	
124388432	45.00	38.21	3.47	
124390948	45.00	33.93	5.00	
124393392	45.00	38.31	3.42	
124395848	45.00	38.25	3.45	
124398336	45.00	37.90	3.63	
124400792	45.00	34.26	5.00	
124403240	45.00	38.25	3.45	
124405712	45.00	38.15	3.50	
124408180	45.00	34.04	5.00	
124410640	45.00	38.25	3.45	
124413112	45.00	38.25	3.45	
124415540	45.00	38.27	3.44	
124418064	45.00	37.88	3.64	
124420500	45.00	34.26	5.00	
124422932	45.00	38.25	3.45	
124425436	45.00	38.15	3.50	
124427900	45.00	34.04	5.00	
124430368	45.00	38.25	3.45	
124432824	45.00	38.27	3.44	
124435272	45.00	38.25	3.45	
124437780	45.00	33.93	5.00	
124440216	45.00	38.25	3.45	
124442684	45.00	38.02	3.56	
124445176	45.00	34.21	5.00	
124447616	45.00	38.18	3.48	
124450092	45.00	37.94	3.61	
124452516	45.00	34.29	5.00	
124455040	45.00	34.01	5.00	
124457496	45.00	38.12	3.51	
124459936	45.00	38.31	3.42	
124462372	45.00	38.25	3.45	
124464852	45.00	38.06	3.55	
124467344	45.00	34.12	5.00	
124469800	45.00	38.25	3.45	
124472264	45.00	38.25	3.45	
124474728	45.00	38.25	3.45	
124477192	45.00	38.18	3.48	
124479660	45.00	38.27	3.44	
124482108	45.00	38.00	3.58	
124484616	45.00	34.21	5.00	
124487056	45.00	38.21	3.47	
124489520	45.00	38.25	3.45	
124491992	45.00	38.25	3.45	
124494420	45.00	38.25	3.45	
124496928	45.00	38.06	3.55	
124499380	45.00	34.12	5.00	
124501840	45.00	38.25	3.45	
124504336	45.00	38.25	3.45	
124506776	45.00	38.18	3.48	
124509264	45.00	38.25	3.45	
124511728	45.00	34.01	5.00	
124514168	45.00	38.25	3.45	
124516648	45.00	38.18	3.48	
124519096	45.00	38.25	3.45	
124521588	45.00	38.27	3.44	
124524032	45.00	33.88	5.00	
124526504	45.00	38.31	3.42	
124528960	45.00	38.25	3.45	
124531396	45.00	38.27	3.44	
124533920	45.00	33.99	5.00	
124536352	45.00	38.18	3.48	
124538840	45.00	38.25	3.45	
124541272	45.00	38.27	3.44	
124543756	45.00	33.99	5.00	
124546224	45.00	38.18	3.48	
124548680	45.00	38.27	3.44	
124551148	45.00	33.99	5.00	
124553608	45.00	38.25	3.45