6784644 5.01    5.01    0.00
6806344 5.01    5.01    4.35
6828100 5.01    5.01    14.94
6849900 5.01    5.01    19.68
6871748 5.01    5.01    21.60
6893596 5.01    5.01    23.48
6915436 5.01    5.01    23.97
6937256 5.01    5.01    24.46
6959096 5.01    5.01    25.89
6980952 5.01    5.01    26.85
7002784 5.01    5.01    27.34
7024640 5.01    5.01    28.27
7046496 5.01    5.01    28.29
7068312 5.01    5.01    29.24
7090184 5.01    5.01    29.24
7112032 5.01    5.01    28.74
7133888 5.01    5.01    28.27
7155728 5.01    5.01    27.80
7177576 5.01    5.01    27.81
7199416 5.01    5.01    28.29
7221280 5.01    5.01    28.26
7243096 5.01    5.01    28.77
7264936 5.01    5.01    29.25
7286816 5.01    5.01    29.24
7308664 5.01    5.01    29.68
7330504 5.01    5.01    28.75
7352388 5.01    5.01    28.28
7374224 5.01    5.01    28.26
7396064 5.01    5.01    27.79
7417928 5.01    5.01    27.81
7439752 5.01    5.01    28.28
7461624 5.01    5.01    28.29
7483492 5.01    5.01    29.20
7505336 5.01    5.01    28.74
7527176 5.01    5.01    29.25
7549032 5.01    5.01    29.24
7570872 5.01    5.01    28.76
7592720 5.01    5.01    28.77
7614592 5.01    5.01    28.27
7636456 5.01    5.01    27.79
7658280 5.01    5.01    28.75
7680136 5.01    5.01    28.76
7702000 5.01    5.01    28.76
7723856 5.01    5.01    29.69
7745708 5.01    5.01    29.22
7767560 5.01    5.01    29.24
7789432 5.01    5.01    28.25
7811280 5.01    5.01    28.28
7833120 5.01    5.01    28.29
7854960 5.01    5.01    27.79
7876816 5.01    5.01    28.28
7898664 5.01    5.01    27.79
7920520 5.01    5.01    27.79
7942376 5.01    5.01    27.79
7964204 5.01    5.01    27.34
7986040 5.01    5.01    27.33
8007888 5.01    5.01    27.32
8029744 5.01    5.01    27.33
8051584 5.01    5.01    26.85
8073440 5.01    5.01    26.83
8095276 5.01    5.01    26.85
8117112 5.01    5.01    27.32
8138976 5.01    5.01    27.80
8160848 5.01    5.01    27.31
8182704 5.01    5.01    27.78
8204576 5.01    5.01    27.77
8226392 5.01    5.01    27.79
8248224 5.01    5.01    27.35
8270080 5.01    5.01    27.33
8291944 5.01    5.01    26.84
8313760 5.01    5.01    27.33
8335624 5.01    5.01    27.33
8357448 5.01    5.01    27.81
8379304 5.01    5.01    27.81
8401136 5.01    5.01    27.32
8422984 5.01    5.01    27.81
8444812 5.01    5.01    27.34
8466656 5.01    5.01    27.32
8488512 5.01    5.01    27.33
8510336 5.01    5.01    26.85
8532208 5.01    5.01    26.82
8554044 5.01    5.01    27.34
8575880 5.01    5.01    27.32
8597728 5.01    5.01    27.32
8619568 5.01    5.01    27.33
8641440 5.01    5.01    27.34
8663280 5.01    5.01    27.31
8685120 5.01    5.01    27.81
8706976 5.01    5.01    26.86
8728800 5.01    5.01    27.31
8750632 5.01    5.01    27.34
8772488 5.01    5.01    27.34
8794328 5.01    5.01    26.85
8816176 5.01    5.01    27.32
8838016 5.01    5.01    26.86
8859840 5.01    5.01    27.32
8881684 5.01    5.01    27.34
8903552 5.01    5.01    27.79
8925376 5.01    5.01    27.33
8947216 5.01    5.01    27.33
8969024 5.01    0.00    27.34
8990804 5.01    0.00    24.02
9012560 5.01    0.00    15.89
9034296 5.01    0.00    9.64
9055952 5.01    0.00    3.87
9077584 5.01    0.00    0.00
9099200 5.01    0.00    0.00
9120824 5.01    0.00    0.00
9142432 5.01    0.00    0.00
9164040 5.01    0.00    0.00
9185656 5.01    0.00    0.00
9207264 5.01    0.00    0.00
9228872 5.01    0.00    0.00
9250480 5.01    0.00    0.00
9272088 5.01    0.00    0.00
9293696 5.01    0.00    0.00
9315312 5.01    0.00    0.00
9336936 5.01    0.00    0.00
9358544 5.01    0.00    0.00
9380160 5.01    0.00    0.00
9401768 5.01    0.00    0.00
9423376 5.01    0.00    0.00
9444984 5.01    0.00    0.00
9466592 5.01    0.00    0.00
9488208 5.01    0.00    0.00
9509824 5.01    0.00    0.00
9531448 5.01    0.00    0.00
9553056 5.01    0.00    0.00
9574672 5.01    0.00    0.00
9596288 5.01    0.00    0.00
9617896 5.01    0.00    0.00
9639512 5.01    0.00    0.00
9661128 5.01    0.00    0.00
9682744 5.01    0.00    0.00
9704360 5.01    0.00    0.00
9725984 5.01    0.00    0.00
9747592 5.01    0.00    0.00
9769208 5.01    0.00    0.00
9790824 5.01    0.00    0.00
9812440 5.01    0.00    0.00
9834056 5.01    0.00    0.00
9855664 5.01    0.00    0.00
9877280 5.01    0.00    0.00
9898888 5.01    0.00    0.00
9920504 5.01    0.00    0.00
9942124 5.01    0.00    0.00
9963736 5.01    0.00    0.00
9985360 5.01    0.00    0.00
10006968        5.01    0.00    0.00
10028624        5.01    0.00    0.00
10050280        5.01    0.00    0.00
10071936        5.01    0.00    0.00
10093608        5.01    0.00    0.00
10115264        5.01    0.00    0.00
10136928        5.01    0.00    0.00
10158584        5.01    0.00    0.00
10180240        5.01    0.00    0.00
10201888        5.01    0.00    0.00
10223552        5.01    0.00    0.00
10245224        5.01    0.00    0.00
10266872        5.01    0.00    0.00
10288528        5.01    0.00    0.00
10310184        5.01    0.00    0.00
10331840        5.01    0.00    0.00
10353496        5.01    0.00    0.00
10375160        5.01    0.00    0.00
10396824        5.01    0.00    0.00
10418480        5.01    0.00    0.00
10440136        5.01    0.00    0.00
10461792        5.01    0.00    0.00
10483448        5.01    0.00    0.00
10505104        5.01    0.00    0.00
10526776        5.01    0.00    0.00
10548432        5.01    0.00    0.00
10570096        5.01    0.00    0.00
10591752        5.01    0.00    0.00
10613408        5.01    0.00    0.00
10635064        5.01    0.00    0.00
10656728        5.01    0.00    0.00
10678384        5.01    0.00    0.00
10700040        5.01    0.00    0.00
10721688        5.01    0.00    0.00
10743344        5.01    0.00    0.00
10765000        5.01    0.00    0.00
10786656        5.01    0.00    0.00
10808328        5.01    0.00    0.00
10829984        5.01    0.00    0.00
10851640        5.01    0.00    0.00
10873296        5.01    0.00    0.00
10894952        5.01    0.00    0.00
10916608        5.01    0.00    0.00
10938272        5.01    0.00    0.00
10959944        5.01    0.00    0.00
10981600        5.01    0.00    0.00
