5966384 2.51    2.51    0.00
5978060 2.51    2.51    0.00
5989744 2.51    2.51    0.00
6001456 2.51    2.51    1.79
6013204 2.51    2.51    3.57
6024944 2.51    2.51    4.47
6036684 2.51    2.51    6.24
6048424 2.51    2.51    8.02
6060184 2.51    2.51    8.92
6071932 2.51    2.51    9.79
6083680 2.51    2.51    11.59
6095472 2.51    2.51    12.42
6107288 2.51    2.51    12.41
6119096 2.51    2.51    14.18
6130916 2.51    2.51    14.18
6142744 2.51    2.51    15.07
6154556 2.51    2.51    15.94
6166364 2.51    2.51    15.96
6178180 2.51    2.51    15.96
6190000 2.51    2.51    16.82
6201816 2.51    2.51    16.84
6213624 2.51    2.51    16.85
6225468 2.51    2.51    16.82
6237292 2.51    2.51    17.71
6249100 2.51    2.51    16.83
6260932 2.51    2.51    17.74
6272740 2.51    2.51    17.70
6284588 2.51    2.51    16.82
6296412 2.51    2.51    17.69
6308228 2.51    2.51    17.73
6320052 2.51    2.51    16.83
6331868 2.51    2.51    16.83
6343676 2.51    2.51    17.74
6355508 2.51    2.51    16.82
6367364 2.51    2.51    16.82
6379184 2.51    2.51    16.81
6391004 2.51    2.51    16.82
6402828 2.51    2.51    17.73
6414652 2.51    2.51    17.70
6426492 2.51    2.51    16.82
6438332 2.51    2.51    17.71
6450168 2.51    2.51    18.55
6462012 2.51    2.51    17.70
6473836 2.51    2.51    17.71
6485676 2.51    2.51    18.57
6497492 2.51    2.51    17.71
6509324 2.51    2.51    18.62
6521148 2.51    2.51    18.56
6532984 2.51    2.51    17.71
6544828 2.51    2.51    18.60
6556660 2.51    2.51    18.57
6568476 2.51    2.51    18.59
6580308 2.51    2.51    17.71
6592132 2.51    2.51    18.59
6603956 2.51    2.51    18.62
6615764 2.51    2.51    18.60
6627596 2.51    2.51    18.61
6639428 2.51    2.51    18.60
6651260 2.51    2.51    17.70
6663108 2.51    2.51    18.57
6674940 2.51    2.51    17.70
6686780 2.51    2.51    17.71
6698592 2.51    2.51    17.70
6710428 2.51    2.51    16.82
6722256 2.51    2.51    17.70
6734100 2.51    2.51    16.82
6745912 2.51    2.51    17.71
6757748 2.51    2.51    16.80
6769556 2.51    2.51    17.74
6781396 2.51    2.51    17.71
6793236 2.51    2.51    17.71
6805060 2.51    2.51    17.70
6816884 2.51    2.51    17.71
6828696 2.51    2.51    18.61
6840540 2.51    2.51    17.71
6852364 2.51    2.51    18.59
6864196 2.51    2.51    17.71
6876020 2.51    2.51    18.57
6887876 2.51    2.51    18.59
6899724 2.51    2.51    18.56
6911552 2.51    2.51    19.44
6923404 2.51    2.51    18.59
6935228 2.51    2.51    18.58
6947064 2.51    2.51    18.59
6958904 2.51    2.51    19.45
6970724 2.51    2.51    18.59
6982564 2.51    2.51    19.48
6994392 2.51    2.51    18.59
7006208 2.51    2.51    18.61
7018052 2.51    2.51    18.57
7029892 2.51    2.51    18.60
7041704 2.51    2.51    17.70
7053532 2.51    2.51    17.73
7065380 2.51    2.51    17.66
7077212 2.51    2.51    17.70
7089028 2.51    2.51    17.73
7100868 2.51    2.51    17.71
7112688 2.51    2.51    17.70
7124520 2.51    2.51    17.70
7136372 2.51    2.51    17.71
7148196 2.51    2.51    17.69
7160016 2.51    2.51    18.60
7171844 2.51    2.51    17.70
7183672 2.51    2.51    18.61
7195484 2.51    2.51    18.60
7207308 2.51    2.51    18.61
7219144 2.51    2.51    19.46
7230972 2.51    2.51    18.58
7242804 2.51    2.51    19.51
7254612 2.51    2.51    18.58
7266444 2.51    2.51    19.49
7278272 2.51    2.51    18.59
7290088 2.51    2.51    19.50
7301932 2.51    2.51    18.59
7313768 2.51    2.51    19.46
7325580 2.51    2.51    18.59
7337432 2.51    2.51    19.46
7349248 2.51    2.51    18.59
7361080 2.51    2.51    19.46
7372932 2.51    2.51    18.59
7384744 2.51    2.51    18.58
7396572 2.51    2.51    17.70
7408396 2.51    2.51    18.62
7420236 2.51    2.51    17.70
7432056 2.51    2.51    17.70
7443880 2.51    2.51    18.61
7455712 2.51    2.51    17.70
7467564 2.51    2.51    17.69
7479412 2.51    2.51    18.57
7491224 2.51    2.51    17.70
7503048 2.51    2.51    18.62
7514884 2.51    2.51    18.57
7526736 2.51    2.51    19.45
7538552 2.51    2.51    18.59
7550408 2.51    2.51    19.46
7562216 2.51    2.51    19.46
7574064 2.51    2.51    19.44
7585900 2.51    2.51    19.48
7597728 2.51    2.51    19.46
7609568 2.51    2.51    18.58
7621400 2.51    2.51    19.47
7633232 2.51    2.51    19.46
7645052 2.51    2.51    19.50
7656880 2.51    2.51    19.48
7668696 2.51    2.51    19.49
7680520 2.51    2.51    19.48
7692356 2.51    2.51    19.50
7704180 2.51    2.51    18.57
7716028 2.51    2.51    19.46
7727836 2.51    2.51    18.59
7739668 2.51    2.51    18.61
7751500 2.51    2.51    18.59
7763320 2.51    2.51    18.58
7775144 2.51    2.51    17.71
7786984 2.51    2.51    18.61
7798804 2.51    2.51    18.59
7810640 2.51    2.51    17.70
7822476 2.51    2.51    18.58
7834288 2.51    2.51    18.60
7846116 2.51    2.51    19.47
7857952 2.51    2.51    18.59
7869788 2.51    2.51    19.48
7881600 2.51    2.51    18.59
7893452 2.51    2.51    19.46
7905292 2.51    2.51    19.48
7917104 2.51    2.51    19.46
7928940 2.51    2.51    19.48
7940768 2.51    2.51    19.46
7952616 2.51    2.51    19.46
7964460 2.51    2.51    19.46
7976308 2.51    2.51    20.32
7988140 2.51    2.51    19.48
7999956 2.51    2.51    19.46
8011764 2.51    2.51    19.50
8023600 2.51    2.51    20.36
8035452 2.51    2.51    19.48
8047276 2.51    2.51    19.46
8059112 2.51    2.51    18.59
8070956 2.51    2.51    19.44
8082776 2.51    2.51    18.59
8094580 2.51    2.51    18.62
8106404 2.51    2.51    18.62
8118224 2.51    2.51    18.60
8130040 2.51    2.51    18.61
8141876 2.51    2.51    19.48
8153704 2.51    2.51    18.58
8165524 2.51    2.51    19.50
8177352 2.51    2.51    18.58
8189196 2.51    2.51    19.47
8201044 2.51    2.51    20.34
8212876 2.51    2.51    19.46
8224680 2.51    2.51    19.49
8236524 2.51    2.51    20.36
8248364 2.51    2.51    20.36
8260172 2.51    2.51    20.35
8272004 2.51    2.51    19.48
8283828 2.51    2.51    21.25
8295676 2.51    2.51    20.35
8307508 2.51    2.51    20.36
8319340 2.51    2.51    20.35
8331152 2.51    2.51    20.36
8342984 2.51    2.51    20.36
8354816 2.51    2.51    20.37
8366644 2.51    2.51    20.35
8378492 2.51    2.51    20.37
8390316 2.51    2.51    19.47
8402156 2.51    2.51    19.46
8413984 2.51    2.51    19.48
8425796 2.51    2.51    18.59
8437620 2.51    2.51    19.48
8449464 2.51    2.51    19.50
8461284 2.51    2.51    19.47
8473104 2.51    2.51    19.47
8484940 2.51    2.51    20.36
8496768 2.51    2.51    19.46
8508616 2.51    2.51    20.36
8520444 2.51    2.51    20.35
8532276 2.51    2.51    20.36
8544096 2.51    2.51    20.36
8555948 2.51    2.51    21.21
8567772 2.51    2.51    20.35
8579620 2.51    2.51    21.25
8591444 2.51    2.51    20.36
8603284 2.51    2.51    21.23
8615104 2.51    2.51    20.36
8626948 2.51    2.51    21.24
8638768 2.51    2.51    20.35
8650604 2.51    2.51    21.25
8662460 2.51    2.51    21.22
8674280 2.51    2.51    20.35
8686132 2.51    2.51    21.23
8697956 2.51    2.51    20.36
8709792 2.51    2.51    20.34
8721624 2.51    2.51    20.35
8733468 2.51    2.51    20.36
8745288 2.51    2.51    20.35
8757128 2.51    2.51    19.48
8768968 2.51    2.51    20.32
8780788 2.51    2.51    20.39
8792632 2.51    2.51    20.33
8804460 2.51    2.51    20.36
8816308 2.51    2.51    21.24
8828156 2.51    2.51    21.21
8839988 2.51    2.51    21.22
8851836 2.51    2.51    21.21
8863664 2.51    2.51    20.36
8875500 2.51    2.51    21.24
8887340 2.51    2.51    21.24
8899164 2.51    2.51    21.23
8911004 2.51    2.51    21.24
8922840 2.51    2.51    21.23
8934684 2.51    2.51    21.21
8946524 2.51    2.51    21.24
8958364 2.51    2.51    21.24
8970196 2.51    2.51    21.24
8982028 2.51    2.51    21.23
8993860 2.51    2.51    21.22
9005696 2.51    2.51    20.36
9017528 2.51    2.51    20.35
9029368 2.51    2.51    20.36
9041200 2.51    2.51    20.34
9053044 2.51    2.51    20.36
9064884 2.51    2.51    20.35
9076716 2.51    2.51    20.35
9088560 2.51    2.51    20.34
9100380 2.51    2.51    20.36
9112212 2.51    2.51    21.23
9124040 2.51    2.51    20.36
9135868 2.51    2.51    21.26
9147724 2.51    2.51    21.23
9159556 2.51    2.51    21.24
9171396 2.51    2.51    21.23
9183228 2.51    2.51    21.24
9195048 2.51    2.51    21.23
9206884 2.51    2.51    21.25
9218708 2.51    2.51    22.12
9230556 2.51    2.51    21.25
9242380 2.51    2.51    21.24
9254212 2.51    2.51    21.25
9266044 2.51    2.51    21.22
9277892 2.51    2.51    21.21
9289716 2.51    2.51    21.24
9301552 2.51    2.51    21.25
9313388 2.51    2.51    21.24
9325228 2.51    2.51    21.24
9337048 2.51    2.51    20.36
9348900 2.51    2.51    20.36
9360740 2.51    2.51    21.21
9372576 2.51    2.51    20.33
9384428 2.51    2.51    21.23
9396268 2.51    2.51    20.35
9408116 2.51    2.51    21.21
9419956 2.51    2.51    21.21
9431800 2.51    2.51    20.34
9443652 2.51    2.51    22.07
9455492 2.51    2.51    21.26
9467332 2.51    2.51    21.19
9479164 2.51    2.51    21.25
9491020 2.51    2.51    22.11
9502876 2.51    2.51    21.21
9514724 2.51    2.51    22.09
9526556 2.51    2.51    21.21
9538404 2.51    2.51    22.13
9550228 2.51    2.51    21.23
9562052 2.51    2.51    21.24
9573892 2.51    2.51    22.13
9585748 2.51    2.51    21.24
9597572 2.51    2.51    21.21
9609404 2.51    2.51    21.24
9621236 2.51    2.51    21.25
9633084 2.51    2.51    21.23
9644900 2.51    2.51    20.36
9656772 2.51    2.51    20.35
9668604 2.51    2.51    21.21
9680432 2.51    2.51    20.34
9692300 2.51    2.51    21.21
9704120 2.51    2.51    20.34
9715972 2.51    2.51    21.23
9727796 2.51    2.51    20.36
9739644 2.51    2.51    21.21
9751484 2.51    2.51    22.08
9763332 2.51    2.51    21.26
9775188 2.51    2.51    21.21
9787020 2.51    2.51    21.20
9798844 2.51    2.51    22.13
9810668 2.51    2.51    22.14
9822516 2.51    2.51    21.25
9834372 2.51    2.51    21.22
9846196 2.51    2.51    22.10
9858044 2.51    2.51    21.23
9869892 2.51    2.51    22.09
9881724 2.51    2.51    21.23
9893564 2.51    2.51    21.23
9905420 2.51    2.51    22.09
9917244 2.51    2.51    21.26
9929076 2.51    2.51    21.21
9940908 2.51    2.51    20.36
9952748 2.51    2.51    21.21
9964596 2.51    2.51    20.37
9976428 2.51    2.51    20.36
9988280 2.51    2.51    20.33
10000116        2.51    2.51    21.21
10012020        2.51    2.51    21.13
10023892        2.51    2.51    21.17
10035776        2.51    2.51    20.27
10047684        2.51    2.51    21.99
10059548        2.51    2.51    21.16
10071412        2.51    2.51    21.16
10083292        2.51    2.51    21.16
10095188        2.51    2.51    22.03
10107060        2.51    2.51    21.16
10118932        2.51    2.51    22.04
10130820        2.51    2.51    22.05
10142696        2.51    2.51    21.15
10154588        2.51    2.51    22.03
10166468        2.51    2.51    21.15
10178356        2.51    2.51    22.03
10190236        2.51    2.51    21.14
10202132        2.51    2.51    22.04
10213996        2.51    2.51    21.14
10225876        2.51    2.51    21.16
10237756        2.51    2.51    21.16
10249660        2.51    2.51    21.15
10261524        2.51    2.51    20.27
10273400        2.51    2.51    21.16
10285276        2.51    2.51    20.27
10297160        2.51    2.51    20.27
10309060        2.51    2.51    21.16
10320964        2.51    2.51    20.23
10332836        2.51    2.51    21.13
10344708        2.51    2.51    21.16
10356580        2.51    2.51    21.18
10368468        2.51    2.51    22.02
10380356        2.51    2.51    21.18
10392236        2.51    2.51    21.11
10404132        2.51    2.51    22.04
10415996        2.51    2.51    22.04
10427884        2.51    2.51    21.14
10439764        2.51    2.51    22.05
10451644        2.51    2.51    22.05
10463524        2.51    2.51    21.13
10475412        2.51    2.51    22.05
10487304        2.51    2.51    21.99
10499180        2.51    2.51    21.18
10511068        2.51    2.51    22.04
10522940        2.51    2.51    21.16
10534816        2.51    2.51    21.14
10546708        2.51    2.51    21.16
10558588        2.51    2.51    20.29
10570464        2.51    2.51    21.13
10582344        2.51    2.51    21.15
10594216        2.51    2.51    20.29
10606120        2.51    2.51    20.26
10617996        2.51    2.51    21.14
10629888        2.51    2.51    21.16
10641780        2.51    2.51    21.13
10653676        2.51    2.51    21.13
10665576        2.51    2.51    21.13
10677460        2.51    2.51    22.01
10689312        2.51    2.51    21.18
10701188        2.51    2.51    22.04
10713056        2.51    2.51    21.18
10724936        2.51    2.51    22.04
10736820        2.51    2.51    22.07
10748700        2.51    2.51    22.02
10760592        2.51    2.51    21.99
10772460        2.51    2.51    21.18
10784356        2.51    2.51    22.04
10796220        2.51    2.51    22.03
10808092        2.51    2.51    21.17
10819988        2.51    2.51    22.04
10831856        2.51    2.51    21.16
10843736        2.51    2.51    21.15
10855608        2.51    2.51    21.18
10867500        2.51    2.51    21.16
10879368        2.51    2.51    20.27
10891240        2.51    2.51    21.17
10903128        2.51    2.51    20.27
10915016        2.51    2.51    21.16
10926912        2.51    2.51    20.28
10938784        2.51    2.51    21.12
10950668        2.51    2.51    21.15
10962556        2.51    2.51    22.03
10974412        2.51    2.51    21.18
10986304        2.51    2.51    21.16
10998196        2.51    2.51    22.02
11010084        2.51    2.51    22.04
11021960        2.51    2.51    22.01
11033836        2.51    2.51    21.16
11045708        2.51    2.51    22.04
11057596        2.51    2.51    22.05
11069476        2.51    2.51    22.03
11081356        2.51    2.51    22.04
11093244        2.51    2.51    22.02
11105132        2.51    2.51    22.03
11117020        2.51    2.51    22.02
11128876        2.51    2.51    21.18
11140748        2.51    2.51    21.16
11152632        2.51    2.51    21.16
11164504        2.51    2.51    21.17
11176404        2.51    2.51    21.14
11188268        2.51    2.51    20.29
11200140        2.51    2.51    21.16
11212024        2.51    2.51    20.27
11223892        2.51    2.51    21.16
11235784        2.51    2.51    21.15
11247660        2.51    2.51    21.16
11259536        2.51    2.51    21.16
11271416        2.51    2.51    22.04
11283292        2.51    2.51    21.18
11295172        2.51    2.51    21.13
11307052        2.51    2.51    22.05
11318916        2.51    2.51    22.05
11330812        2.51    2.51    21.13
11342688        2.51    2.51    22.05
11354564        2.51    2.51    22.04
11366452        2.51    2.51    22.06
11378316        2.51    2.51    21.14
11390212        2.51    2.51    22.04
11402100        2.51    2.51    21.15
11413984        2.51    2.51    21.12
11425868        2.51    2.51    21.16
11437740        2.51    2.51    21.15
11449636        2.51    2.51    21.16
11461520        2.51    2.51    20.25
11473412        2.51    2.51    21.16
11485292        2.51    2.51    20.29
11497176        2.51    2.51    20.23
11509056        2.51    2.51    20.27
11520940        2.51    2.51    21.17
11532840        2.51    2.51    20.24
11544716        2.51    2.51    21.15
11556612        2.51    2.51    21.13
11568516        2.51    2.51    21.12
11580412        2.51    2.51    21.13
11592300        2.51    2.51    21.11
11604204        2.51    2.51    21.14
11616092        2.51    2.51    22.02
11627972        2.51    2.51    21.13
11639852        2.51    2.51    22.05
11651732        2.51    2.51    22.05
11663612        2.51    2.51    21.13
11675500        2.51    2.51    22.05
11687388        2.51    2.51    21.14
11699268        2.51    2.51    22.02
11711152        2.51    2.51    22.05
11723040        2.51    2.51    21.12
11734920        2.51    2.51    21.16
11746800        2.51    2.51    21.15
11758676        2.51    2.51    21.17
11770568        2.51    2.51    21.16
11782472        2.51    2.51    20.23
11794356        2.51    2.51    21.14
11806240        2.51    2.51    20.25
11818132        2.51    2.51    21.17
11829992        2.51    2.51    20.27
11841884        2.51    2.51    21.16
11853780        2.51    2.51    21.13
11865684        2.51    2.51    21.11
11877580        2.51    2.51    21.13
11889464        2.51    2.51    21.13
11901364        2.51    2.51    22.03
11913228        2.51    2.51    21.16
11925116        2.51    2.51    22.03
11937040        2.51    2.51    21.12
11948892        2.51    2.51    22.01
11960776        2.51    2.51    22.05
11972660        2.51    2.51    22.05
11984528        2.51    2.51    21.15
11996420        2.51    2.51    22.04
12008324        2.51    2.51    22.00
12020180        2.51    2.51    21.16
12032060        2.51    2.51    22.05
12043940        2.51    2.51    21.17
12055844        2.51    2.51    21.11
12067712        2.51    2.51    20.28
12079604        2.51    2.51    21.15
12091476        2.51    2.51    20.28
12103364        2.51    2.51    21.15
12115264        2.51    2.51    20.23
12127156        2.51    2.51    21.14
12139032        2.51    2.51    20.27
12150932        2.51    2.51    21.15
12162824        2.51    2.51    21.12
12174700        2.51    2.51    21.13
12186576        2.51    2.51    21.17
12198468        2.51    2.51    22.03
12210348        2.51    2.51    21.16
12222224        2.51    2.51    22.03
12234116        2.51    2.51    22.04
12245996        2.51    2.51    22.02
12257884        2.51    2.51    22.02
12269760        2.51    2.51    22.04
12281624        2.51    2.51    21.17
12293500        2.51    2.51    22.04
12305368        2.51    2.51    22.07
12317252        2.51    2.51    21.14
12329148        2.51    2.51    22.05
12341012        2.51    2.51    21.14
12352896        2.51    2.51    21.15
12364780        2.51    2.51    21.18
12376676        2.51    2.51    21.13
12388568        2.51    2.51    20.23
12400460        2.51    2.51    21.16
12412360        2.51    2.51    21.09
12424228        2.51    2.51    20.30
12436136        2.51    2.51    20.27
12448012        2.51    2.51    21.13
12459884        2.51    2.51    21.14
12471768        2.51    2.51    21.16
12483668        2.51    2.51    22.04
12495520        2.51    2.51    21.17
12507396        2.51    2.51    22.04
12519268        2.51    2.51    21.18
12531164        2.51    2.51    22.04
12543052        2.51    2.51    22.02
12554932        2.51    2.51    22.03
12566828        2.51    2.51    22.01
12578708        2.51    2.51    22.03
12590596        2.51    2.51    22.01
12602492        2.51    2.51    21.13
12614380        2.51    2.51    22.04
12626268        2.51    2.51    22.01
12638164        2.51    2.51    22.01
12650040        2.51    2.51    21.17
12661924        2.51    2.51    21.13
12673796        2.51    2.51    21.16
12685700        2.51    2.51    21.14
12697596        2.51    2.51    21.13
12709472        2.51    2.51    20.27
12721356        2.51    2.51    21.16
12733228        2.51    2.51    21.14
12745136        2.51    2.51    20.27
12757036        2.51    2.51    21.12
12768932        2.51    2.51    21.99
12780812        2.51    2.51    21.16
12792684        2.51    2.51    21.13
12804580        2.51    2.51    22.04
12816452        2.51    2.51    22.04
12828320        2.51    2.51    21.17
12840208        2.51    2.51    22.91
12852124        2.51    5.00    22.02
12864004        2.51    5.00    22.89
12875912        2.51    5.00    24.69
12887796        2.51    5.00    26.36
12899708        2.51    5.00    27.27
12911624        2.51    5.00    28.14
12923524        2.51    5.00    28.12
12935436        2.51    5.00    29.00
12947340        2.51    5.00    29.07
12959244        2.51    5.00    29.02
12971152        2.51    5.00    29.04
12983044        2.51    5.00    29.02
12994956        2.51    5.00    29.04
13006856        2.51    5.00    29.91
13018764        2.51    5.00    29.91
13030668        2.51    5.00    29.88
13042580        2.51    5.00    29.93
13054484        2.51    5.00    30.75
13066420        2.51    5.00    30.76
13078340        2.51    5.00    31.62
13090244        2.51    5.00    30.75
13102180        2.51    5.00    31.64
13114092        2.51    5.00    30.76
13126004        2.51    5.00    31.64
13137900        2.51    5.00    31.66
13149844        2.51    5.00    31.60
13161748        2.51    5.00    30.76
13173684        2.51    5.00    30.74
13185604        2.51    5.00    31.63
13197520        2.51    5.00    30.77
13209420        2.51    5.00    30.75
13221380        2.51    5.00    30.73
13233284        2.51    5.00    31.60
13245188        2.51    5.00    31.64
13257116        2.51    5.00    31.64
13269024        2.51    5.00    32.55
13280980        2.51    5.00    31.59
13292908        2.51    5.00    32.47
13304820        2.51    5.00    32.48
13316732        2.51    5.00    32.53
13328652        2.51    5.00    32.49
13340548        2.51    5.00    32.55
13352484        2.51    5.00    32.51
13364388        2.51    5.00    31.64
13376324        2.51    5.00    31.62
13388260        2.51    5.00    31.59
13400168        2.51    5.00    31.63
13412092        2.51    5.00    31.61
13424044        2.51    5.00    31.60
13435984        2.51    5.00    31.61
13447884        2.51    5.00    32.46
13459804        2.51    5.00    32.51
13471724        2.51    5.00    32.49
13483660        2.51    5.00    32.52
13495580        2.51    5.00    33.36
13507500        2.51    5.00    32.48
13519444        2.51    5.00    32.48
13531356        2.51    5.00    33.40
13543276        2.51    5.00    32.46
13555236        2.51    5.00    32.49
13567148        2.51    5.00    32.46
13579100        2.51    5.00    32.44
13591004        2.51    5.00    31.63
13602948        2.51    5.00    31.62
13614844        2.51    5.00    32.50
13626756        2.51    5.00    31.69
13638668        2.51    5.00    32.54
13650572        2.51    5.00    32.53
13662484        2.51    5.00    33.39
13674420        2.51    5.00    32.50
13686332        2.51    5.00    33.39
13698256        2.51    5.00    33.42
13710164        2.51    5.00    33.34
13722104        2.51    5.00    33.36
13734056        2.51    5.00    33.31
13745992        2.51    5.00    32.44
13757900        2.51    5.00    33.39
13769824        2.51    5.00    32.50
13781740        2.51    5.00    32.51
13793668        2.51    5.00    32.48
13805592        2.51    5.00    32.52
13817508        2.51    5.00    32.48
13829444        2.51    5.00    32.51
13841340        2.51    5.00    33.43
13853268        2.51    5.00    33.36
13865196        2.51    5.00    33.35
13877116        2.51    5.00    33.39
13889044        2.51    5.00    33.37
13900980        2.51    5.00    33.39
13912900        2.51    5.00    33.39
13924828        2.51    5.00    34.17
13936756        2.51    5.00    33.37
13948684        2.51    5.00    33.39
13960600        2.51    5.00    33.36
13972560        2.51    5.00    32.48
13984452        2.51    5.00    33.35
13996396        2.51    5.00    32.49
14008308        2.51    5.00    33.41
14020252        2.51    5.00    32.43
14032180        2.51    5.00    33.37
14044092        2.51    5.00    33.39
14056020        2.51    5.00    34.25
14067964        2.51    5.00    33.31
14079884        2.51    5.00    34.26
14091828        2.51    5.00    33.32
14103732        2.51    5.00    34.28
14115684        2.51    5.00    33.36
14127604        2.51    5.00    34.16
14139540        2.51    5.00    33.42
14151452        2.51    5.00    33.39
14163356        2.51    5.00    33.38
14175300        2.51    5.00    32.49
14187196        2.51    5.00    33.39
14199156        2.51    5.00    33.32
14211112        2.51    5.00    32.44
14223068        2.51    5.00    33.29
14235004        2.51    5.00    34.15
14246944        2.51    5.00    33.35
14258856        2.51    5.00    34.27
14270812        2.51    5.00    33.33
14282748        2.51    5.00    34.16
14294652        2.51    5.00    34.27
14306612        2.51    5.00    33.36
14318548        2.51    5.00    34.17
14330468        2.51    5.00    33.38
14342396        2.51    5.00    33.39
14354348        2.51    5.00    33.31
14366268        2.51    5.00    33.34
14378188        2.51    5.00    33.39
14390108        2.51    5.00    32.46
14402028        2.51    5.00    33.38
14413956        2.51    5.00    33.38
14425876        2.51    5.00    33.36
14437828        2.51    5.00    33.38
14449776        2.51    5.00    34.17
14461676        2.51    5.00    34.24
14473636        2.51    5.00    33.36
14485576        2.51    5.00    34.17
14497492        2.51    5.00    33.38
14509436        2.51    5.00    34.19
14521372        2.51    5.00    33.39
14533300        2.51    5.00    34.16
14545244        2.51    5.00    33.34
14557204        2.51    5.00    32.45
14569100        2.51    5.00    33.35
14581028        2.51    5.00    33.36
14592968        2.51    5.00    33.36
14604892        2.51    5.00    33.34
14616844        2.51    5.00    33.36
14628780        2.51    5.00    34.19
14640684        2.51    5.00    34.26
14652624        2.51    5.00    34.25
14664580        2.51    5.00    33.33
14676508        2.51    5.00    34.15
14688444        2.51    5.00    33.39
14700364        2.51    5.00    34.25
14712284        2.51    5.00    33.32
14724212        2.51    5.00    33.39
14736124        2.51    5.00    33.40
14748052        2.51    5.00    33.36
14759980        2.51    5.00    33.38
14771900        2.51    5.00    33.36
14783852        2.51    5.00    33.36
14795784        2.51    5.00    33.36
14807700        2.51    5.00    34.17
14819636        2.51    5.00    34.26
14831588        2.51    5.00    33.35
14843540        2.51    5.00    34.16
14855484        2.51    5.00    34.17
14867380        2.51    5.00    34.27
14879324        2.51    5.00    33.37
14891220        2.51    5.00    34.27
14903156        2.51    5.00    33.38
14915084        2.51    5.00    34.25
14927012        2.51    5.00    33.34
14938932        2.51    5.00    33.35
14950860        2.51    5.00    33.35
14962788        2.51    5.00    33.39
14974724        2.51    5.00    33.37
14986652        2.51    5.00    34.22
14998592        2.51    5.00    33.35
15010504        2.51    5.00    34.25
15022460        2.51    5.00    33.35
15034400        2.51    5.00    34.17
15046300        2.51    5.00    34.27
15058244        2.51    5.00    34.23
15070180        2.51    5.00    33.34
15082108        2.51    5.00    34.26
15094036        2.51    5.00    34.23
15105956        2.51    5.00    33.33
15117892        2.51    5.00    33.38
15129812        2.51    5.00    33.41
15141740        2.51    5.00    33.38
15153668        2.51    5.00    34.16
15165612        2.51    5.00    33.37
15177524        2.51    5.00    34.27
15189492        2.51    5.00    33.28
15201432        2.51    5.00    34.17
15213348        2.51    5.00    34.27
15225260        2.51    5.00    34.25
15237200        2.51    5.00    34.24
15249156        2.51    5.00    34.16
15261124        2.51    5.00    33.31
15273064        2.51    5.00    34.15
15284964        2.51    5.00    34.27
15296900        2.51    5.00    33.36
15308828        2.51    5.00    34.23
15320748        2.51    5.00    33.36
15332692        2.51    5.00    33.37
15344620        2.51    5.00    33.39
15356548        2.51    5.00    34.16
15368492        2.51    5.00    34.23
15380428        2.51    5.00    33.34
15392364        2.51    5.00    34.20
15404268        2.51    5.00    34.29
15416188        2.51    5.00    34.26
15428132        2.51    5.00    34.24
15440068        2.51    5.00    34.22
15452004        2.51    5.00    34.20
15463948        2.51    5.00    34.21
15475908        2.51    5.00    33.29
15487844        2.51    5.00    34.19
15499764        2.51    5.00    33.38
15511696        2.51    5.00    33.39
15523620        2.51    5.00    34.16
15535564        2.51    5.00    33.37
15547480        2.51    5.00    34.26
15559420        2.51    5.00    33.33
15571324        2.51    5.00    34.25
15583244        2.51    5.00    34.30
15595164        2.51    5.00    34.24
15607092        2.51    5.00    34.24
15619012        2.51    5.00    34.25
15630940        2.51    5.00    34.25
15642876        2.51    5.00    34.24
15654788        2.51    5.00    34.25
15666732        2.51    5.00    34.25
15678676        2.51    5.00    33.33
15690588        2.51    5.00    34.26
15702516        2.51    5.00    33.33
15714460        2.51    5.00    33.37
15726372        2.51    5.00    34.25
15738316        2.51    5.00    33.34
15750220        2.51    5.00    34.27
15762140        2.51    5.00    34.24
15774084        2.51    5.00    34.25
15786012        2.51    5.00    34.22
15797948        2.51    5.00    34.23
15809876        2.51    5.00    34.20
15821796        2.51    5.00    34.26
15833724        2.51    5.00    34.24
15845668        2.51    5.00    34.24
15857620        2.51    5.00    33.33
15869564        2.51    5.00    34.15
15881492        2.51    5.00    34.24
15893412        2.51    5.00    33.35
15905356        2.51    5.00    33.36
15917276        2.51    5.00    34.26
15929212        2.51    5.00    33.33
15941116        2.51    5.00    34.26
15953044        2.51    5.00    34.26
15964980        2.51    5.00    34.24
15976908        2.51    5.00    34.18
15988836        2.51    5.00    34.27
16000740        2.51    5.00    34.27
16012660        2.51    5.00    34.29
16024588        2.51    5.00    34.26
16036524        2.51    5.00    34.24
16048476        2.51    5.00    33.32
16060396        2.51    5.00    34.18
16072332        2.51    5.00    33.39
16084276        2.51    5.00    34.19
16096212        2.51    5.00    33.34
16108140        2.51    5.00    33.38
16120060        2.51    5.00    34.17
16131988        2.51    5.00    34.30
16143940        2.51    5.00    34.16
16155884        2.51    5.00    34.21
16167820        2.51    5.00    33.34
16179752        2.51    5.00    35.08
16191676        2.51    5.00    34.26
16203596        2.51    5.00    34.23
16215524        2.51    5.00    34.24
16227452        2.51    5.00    34.26
16239404        2.51    5.00    34.19
16251348        2.51    5.00    33.33
16263268        2.51    5.00    34.27
16275188        2.51    5.00    33.33
16287132        2.51    5.00    33.35
16299040        2.51    5.00    34.28
16310972        2.51    5.00    33.35
16322892        2.51    5.00    34.29
16334788        2.51    5.00    34.28
16346708        2.51    5.00    34.26
16358668        2.51    5.00    34.24
16370580        2.51    5.00    34.23
16382500        2.51    5.00    34.26
16394416        2.51    5.00    34.29
16406324        2.51    5.00    34.28
16418244        2.51    5.00    34.29
16430148        2.51    5.00    34.27
16442076        2.51    5.00    33.36
16454004        2.51    5.00    34.24
16465928        2.51    5.00    33.36
16477868        2.51    5.00    33.36
16489796        2.51    5.00    33.36
16501692        2.51    5.00    34.29
16513644        2.51    5.00    33.36
16525588        2.51    5.00    34.17
16537500        2.51    5.00    34.27
16549412        2.51    5.00    34.27
16561328        2.51    5.00    34.30
16573268        2.51    5.00    34.21
16585228        2.51    5.00    34.19
16597168        2.51    5.00    34.17
16609116        2.51    5.00    34.19
16621052        2.51    5.00    34.17
16632968        2.51    5.00    33.42
16644884        2.51    5.00    34.21
16656812        2.51    5.00    33.38
16668764        2.51    5.00    33.39
16680668        2.51    5.00    33.36
16692588        2.51    5.00    34.29
16704544        2.51    5.00    33.34
16716500        2.51    5.00    34.15
16728460        2.51    5.00    34.15
16740400        2.51    5.00    35.05
16752316        2.51    5.00    34.22
16764244        2.51    5.00    34.23
16776164        2.51    5.00    34.26
16788100        2.51    5.00    34.27
16800004        2.51    5.00    34.24
16811940        2.51    5.00    34.29
16823900        2.51    5.00    33.32
16835812        2.51    5.00    33.35
16847724        2.51    5.00    33.42
16859660        2.51    5.00    33.38
16871580        2.51    5.00    34.17
16883516        2.51    5.00    33.37
16895428        2.51    5.00    34.27
16907372        2.51    5.00    33.35
16919308        2.51    5.00    34.20
16931268        2.51    5.00    34.21
16943200        2.51    5.00    35.02
16955116        2.51    5.00    34.24
16967048        2.51    5.00    34.25
16978968        2.51    5.00    34.25
16990908        2.51    5.00    34.25
17002852        2.51    5.00    33.32
17014780        2.51    5.00    33.40
17026708        2.51    5.00    34.16
17038636        2.51    5.00    33.36
17050556        2.51    5.00    33.37
17062476        2.51    5.00    33.37
17074420        2.51    5.00    33.43
17086340        2.51    5.00    34.16
17098300        2.51    5.00    33.37
17110252        2.51    5.00    34.16
17122188        2.51    5.00    34.17
17134132        2.51    5.00    35.08
17146052        2.51    5.00    34.23
17157972        2.51    5.00    34.23
17169900        2.51    5.00    34.26
17181840        2.51    5.00    34.25
17193772        2.51    5.00    33.33
17205684        2.51    5.00    34.29
17217608        2.51    5.00    33.36
17229532        2.51    5.00    33.36
17241476        2.51    5.00    33.36
17253412        2.51    5.00    33.35
17265316        2.51    5.00    34.27
17277260        2.51    5.00    33.34
17289156        2.51    5.00    34.27
17301100        2.51    5.00    34.25
17313028        2.51    5.00    34.19
17324948        2.51    5.00    34.25
17336876        2.51    5.00    34.25
17348816        2.51    5.00    34.25
17360732        2.51    5.00    34.21
17372676        2.51    5.00    34.25
17384616        2.51    5.00    33.35
17396540        2.51    5.00    34.23
17408468        2.51    5.00    33.32
17420396        2.51    5.00    33.40
17432340        2.51    5.00    33.36
17444260        2.51    5.00    33.36
17456168        2.51    5.00    34.29
17468108        2.51    5.00    33.34
17480012        2.51    5.00    34.26
17491924        2.51    5.00    34.28
17503860        2.51    5.00    34.24
17515772        2.51    5.00    34.24
17527692        2.51    5.00    34.27
17539612        2.51    5.00    34.27
