7392552 2.53    2.53    0.00
7414268 2.53    2.53    0.48
7435980 2.53    2.53    3.86
7457712 2.53    2.53    6.26
7479464 2.53    2.53    8.19
7501208 2.53    2.53    10.11
7523008 2.53    2.53    11.52
7544816 2.53    2.53    12.49
7566616 2.53    2.53    12.49
7588432 2.53    2.53    13.45
7610216 2.53    2.53    13.45
7632032 2.53    2.53    13.45
7653848 2.53    2.53    12.97
7675636 2.53    2.53    12.97
7697460 2.53    2.53    12.48
7719260 2.53    2.53    12.48
7741068 2.53    2.53    12.01
7762884 2.53    2.53    12.00
7784708 2.53    2.53    11.05
7806492 2.53    2.53    11.05
7828276 2.53    2.53    11.06
7850092 2.53    2.53    10.57
7871892 2.53    2.53    10.56
7893684 2.53    2.53    11.05
7915492 2.53    2.53    11.04
7937300 2.53    2.53    11.52
7959108 2.53    2.53    12.02
7980908 2.53    2.53    12.48
8002708 2.53    2.53    12.97
8024508 2.53    2.53    13.45
8046316 2.53    2.53    13.93
8068140 2.53    2.53    13.92
8089956 2.53    2.53    13.92
8111764 2.53    2.53    14.40
8133572 2.53    2.53    13.93
8155388 2.53    2.53    13.92
8177188 2.53    2.53    13.45
8198996 2.53    2.53    12.97
8220824 2.53    2.53    12.48
8242620 2.53    2.53    12.00
8264404 2.53    2.53    12.02
8286220 2.53    2.53    11.52
8308020 2.53    2.53    11.04
8329804 2.53    2.53    11.54
8351612 2.53    2.53    11.05
8373412 2.53    2.53    11.53
8395220 2.53    2.53    11.04
8417020 2.53    2.53    11.54
8438828 2.53    2.53    12.00
8460636 2.53    2.53    12.01
8482420 2.53    2.53    12.49
8504212 2.53    2.53    12.98
8526036 2.53    2.53    13.44
8547828 2.53    2.53    13.93
8569636 2.53    2.53    13.93
8591452 2.53    2.53    14.40
8613268 2.53    2.53    13.93
8635076 2.53    2.53    14.40
8656892 2.53    2.53    14.40
8678700 2.53    2.53    13.44
8700508 2.53    2.53    13.45
8722316 2.53    2.53    13.45
8744132 2.53    2.53    12.96
8765956 2.53    2.53    12.48
8787756 2.53    2.53    12.48
8809572 2.53    2.53    12.48
8831364 2.53    2.53    12.97
8853188 2.53    2.53    12.49
8874980 2.53    2.53    12.96
8896812 2.53    2.53    12.48
8918604 2.53    2.53    12.97
8940416 2.53    2.53    12.97
8962236 2.53    2.53    13.45
8984028 2.53    2.53    13.92
9005844 2.53    2.53    13.93
9027676 2.53    2.53    14.40
9049484 2.53    2.53    14.41
9071292 2.53    2.53    14.39
9093108 2.53    2.53    14.88
9114916 2.53    2.53    14.40
9136724 2.53    2.53    14.41
9158532 2.53    2.53    13.92
9180356 2.53    2.53    13.92
9202164 2.53    2.53    14.40
9223988 2.53    2.53    13.45
9245796 2.53    2.53    13.44
9267620 2.53    2.53    13.44
9289412 2.53    2.53    12.97
9311228 2.53    2.53    13.44
9333060 2.53    2.53    12.96
9354876 2.53    2.53    13.44
9376684 2.53    2.53    13.45
9398496 2.53    2.53    13.44
9420284 2.53    2.53    13.93
9442092 2.53    2.53    13.93
9463932 2.53    2.53    14.40
9485764 2.53    2.53    14.87
9507588 2.53    2.53    14.39
9529404 2.53    2.53    14.87
9551216 2.53    2.53    14.89
9573020 2.53    2.53    14.88
9594828 2.53    2.53    14.89
9616660 2.53    2.53    14.40
9638452 2.53    2.53    14.41
9660276 2.53    2.53    13.92
9682092 2.53    2.53    14.39
9703908 2.53    2.53    13.45
9725716 2.53    2.53    13.92
9747532 2.53    2.53    12.96
9769340 2.53    2.53    13.45
9791140 2.53    2.53    13.46
9812932 2.53    2.53    13.45
9834756 2.53    2.53    13.44
9856548 2.53    2.53    13.93
9878360 2.53    2.53    13.93
9900180 2.53    2.53    14.40
9921988 2.53    2.53    14.40
9943812 2.53    2.53    14.89
9965628 2.53    2.53    14.87
9987436 2.53    2.53    14.88
10009244        2.53    2.53    14.89
10031100        2.53    2.53    14.85
10052956        2.53    2.53    14.85
10074820        2.53    2.53    14.38
10096684        2.53    2.53    14.36
10118540        2.53    2.53    14.85
10140404        2.53    2.53    13.90
10162252        2.53    2.53    13.89
10184108        2.53    2.53    13.42
10205964        2.53    2.53    12.93
10227828        2.53    2.53    13.41
10249684        2.53    2.53    12.93
10271532        2.53    2.53    12.94
10293412        2.53    2.53    13.42
10315260        2.53    2.53    13.88
10337108        2.53    2.53    13.90
10358964        2.53    2.53    14.38
10380812        2.53    2.53    14.38
10402676        2.53    2.53    14.86
10424524        2.53    2.53    14.85
10446388        2.53    2.53    14.86
10468252        2.53    2.53    14.85
10490116        2.53    2.53    14.85
10511964        2.53    2.53    14.85
10533812        2.53    2.53    14.38
10555668        2.53    2.53    14.85
10577516        2.53    2.53    14.38
10599364        2.53    2.53    13.90
10621220        2.53    2.53    13.90
10643068        2.53    2.53    13.90
10664920        2.53    2.53    13.42
10686772        2.53    2.53    13.42
10708644        2.53    2.53    13.42
10730492        2.53    2.53    13.41
10752348        2.53    2.53    13.89
10774196        2.53    2.53    13.90
10796060        2.53    2.53    14.37
10817924        2.53    2.53    14.37
10839788        2.53    2.53    14.85
10861644        2.53    2.53    14.85
10883492        2.53    2.53    15.34
10905340        2.53    2.53    14.86
10927204        2.53    2.53    14.85
10949052        2.53    2.53    15.33
10970908        2.53    2.53    14.86
10992788        2.53    2.53    14.37
11014636        2.53    2.53    14.84
11036484        2.53    2.53    14.38
11058348        2.53    2.53    13.89
11080212        2.53    2.53    13.89
11102048        2.53    2.53    13.42
11123908        2.53    2.53    13.41
11145764        2.53    2.53    13.42
11167612        2.53    2.53    13.90
11189468        2.53    2.53    13.42
11211324        2.53    2.53    13.90
11233176        2.53    2.53    13.90
11255044        2.53    2.53    14.37
11276900        2.53    2.53    14.85
11298764        2.53    2.53    14.86
11320612        2.53    2.53    14.85
11342460        2.53    2.53    15.34
11364316        2.53    2.53    15.33
11386172        2.53    2.53    15.33
11408044        2.53    2.53    15.34
11429908        2.53    2.53    14.85
11451756        2.53    2.53    14.84
11473612        2.53    2.53    14.38
11495476        2.53    2.53    14.37
11517328        2.53    2.53    13.89
11539188        2.53    2.53    13.90
11561036        2.53    2.53    13.89
11582908        2.53    2.53    13.42
11604764        2.53    2.53    13.88
11626628        2.53    2.53    13.41
11648476        2.53    2.53    13.89
11670324        2.53    2.53    13.90
11692204        2.53    2.53    14.37
11714036        2.53    2.53    14.37
11735892        2.53    2.53    15.33
11757768        2.53    2.53    14.86
11779636        2.53    2.53    15.32
11801492        2.53    2.53    15.32
11823364        2.53    2.53    14.84
11845212        2.53    2.53    15.34
11867076        2.53    2.53    14.85
11888948        2.53    2.53    14.85
11910812        2.53    2.53    14.85
11932692        2.53    2.53    14.84
11954556        2.53    2.53    14.36
11976388        2.53    2.53    13.90
11998252        2.53    2.53    13.89
12020116        2.53    2.53    13.90
12041948        2.53    2.53    13.90
12063828        2.53    2.53    13.42
12085684        2.53    2.53    14.36
12107540        2.53    2.53    13.89
12129404        2.53    2.53    14.37
12151256        2.53    2.53    14.37
12173108        2.53    2.53    14.86
12194972        2.53    2.53    15.33
12216820        2.53    2.53    15.33
12238672        2.53    2.53    15.34
12260552        2.53    2.53    15.33
12282404        2.53    2.53    15.32
12304276        2.53    2.53    14.86
12326148        2.53    2.53    14.84
12347996        2.53    2.53    15.32
12369868        2.53    2.53    14.38
12391740        2.53    2.53    14.84
12413572        2.53    2.53    13.90
12435432        2.53    2.53    14.37
12457292        2.53    2.53    13.41
12479140        2.53    2.53    13.90
12501020        2.53    2.53    13.89
12522868        2.53    2.53    13.89
12544716        2.53    2.53    13.90
12566596        2.53    2.53    14.37
12588452        2.53    2.53    14.36
12610300        2.53    2.53    15.33
12632180        2.53    2.53    14.86
12654028        2.53    2.53    15.32
12675900        2.53    2.53    15.32
12697788        2.53    2.53    15.33
12719652        2.53    2.53    15.32
12741500        2.53    2.53    15.32
12763380        2.53    2.53    14.85
12785228        2.53    2.53    14.85
12807076        2.53    2.53    14.86
12828948        2.53    2.53    14.86
12850796        2.53    2.53    14.37
12872652        2.53    2.53    14.38
12894508        2.53    2.53    13.89
12916372        2.53    2.53    13.90
12938228        2.53    2.53    13.89
12960084        2.53    2.53    14.36
12981932        2.53    2.53    13.90
13003796        2.53    2.53    14.38
13025644        2.53    2.53    14.85
13047508        2.53    2.53    14.86
13069388        2.53    2.53    15.32
13091244        2.53    2.53    15.80
13113092        2.53    2.53    15.33
13134972        2.53    2.53    15.32
13156820        2.53    2.53    15.81
13178684        2.53    2.53    15.33
13200548        2.53    2.53    15.33
13222412        2.53    2.53    15.33
13244276        2.53    2.53    15.32
13266132        2.53    2.53    14.85
13287996        2.53    2.53    14.38
13309844        2.53    2.53    14.37
13331700        2.53    2.53    13.89
13353564        2.53    2.53    13.90
13375396        2.53    2.53    13.90
13397268        2.53    2.53    14.38
13419116        2.53    2.53    14.37
13440980        2.53    2.53    14.38
13462852        2.53    2.53    14.85
13484700        2.53    2.53    15.32
13506556        2.53    2.53    15.33
13528412        2.53    2.53    15.33
13550260        2.53    2.53    15.34
13572140        2.53    2.53    15.32
13593988        2.53    2.53    15.33
13615856        2.53    2.53    15.80
13637716        2.53    2.53    14.86
13659588        2.53    2.53    15.33
13681436        2.53    2.53    15.32
13703316        2.53    5.00    14.86
13725172        2.53    5.00    17.24
13747060        2.53    5.00    21.07
13768948        2.53    5.00    22.00
13790844        2.53    5.00    23.44
13812724        2.53    5.00    23.92
13834636        2.53    5.00    25.34
13856536        2.53    5.00    25.36
13878432        2.53    5.00    26.77
13900316        2.53    5.00    26.77
13922204        2.53    5.00    26.80
13944116        2.53    5.00    26.79
13965988        2.53    5.00    26.79
13987908        2.53    5.00    25.83
14009804        2.53    5.00    25.82
14031692        2.53    5.00    24.87
14053576        2.53    5.00    25.35
14075468        2.53    5.00    25.34
14097364        2.53    5.00    25.83
14119284        2.53    5.00    26.76
14141156        2.53    5.00    26.80
14163048        2.53    5.00    27.27
14184940        2.53    5.00    27.27
14206836        2.53    5.00    27.27
14228744        2.53    5.00    27.25
14250648        2.53    5.00    26.31
14272544        2.53    5.00    26.75
14294460        2.53    5.00    26.30
14316344        2.53    5.00    26.78
14338256        2.53    5.00    26.77
14360164        2.53    5.00    26.79
14382036        2.53    5.00    27.73
14403932        2.53    5.00    27.74
14425820        2.53    5.00    27.75
14447720        2.53    5.00    27.27
14469612        2.53    5.00    26.78
14491500        2.53    5.00    26.32
14513396        2.53    5.00    26.30
14535300        2.53    5.00    25.84
14557200        2.53    5.00    26.77
14579108        2.53    5.00    27.26
14600996        2.53    5.00    27.73
14622896        2.53    5.00    28.22
14644820        2.53    5.00    28.19
14666724        2.53    5.00    28.69
14688620        2.53    5.00    27.72
14710516        2.53    5.00    27.27
14732432        2.53    5.00    27.25
14754324        2.53    5.00    26.78
14776204        2.53    5.00    26.78
14798100        2.53    5.00    27.27
14820020        2.53    5.00    28.20
14841928        2.53    5.00    28.20
14863836        2.53    5.00    29.16
14885756        2.53    5.00    28.69
14907644        2.53    5.00    29.14
14929540        2.53    5.00    28.71
14951472        2.53    5.00    27.73
14973396        2.53    5.00    28.17
14995276        2.53    5.00    27.25
15017204        2.53    5.00    27.73
15039100        2.53    5.00    28.66
15061016        2.53    5.00    29.17
15082924        2.53    5.00    29.62
15104844        2.53    5.00    29.17
15126740        2.53    5.00    29.13
15148644        2.53    5.00    28.70
15170548        2.53    5.00    27.73
15192448        2.53    5.00    28.20
15214356        2.53    5.00    27.74
15236260        2.53    5.00    27.71
15258148        2.53    5.00    28.70
15280052        2.53    5.00    29.18
15301972        2.53    5.00    29.16
15323860        2.53    5.00    29.62
15345760        2.53    5.00    29.17
15367684        2.53    5.00    28.70
15389572        2.53    5.00    28.66
15411496        2.53    5.00    28.20
15433412        2.53    5.00    27.72
15455344        2.53    5.00    28.18
15477252        2.53    5.00    28.67
15499152        2.53    5.00    29.16
15521068        2.53    5.00    30.11
15542964        2.53    5.00    29.16
15564912        2.53    5.00    29.61
15586828        2.53    5.00    29.14
15608732        2.53    5.00    28.69
15630628        2.53    5.00    28.20
15652548        2.53    5.00    28.22
15674448        2.53    5.00    28.65
15696364        2.53    5.00    29.17
15718276        2.53    5.00    29.63
15740188        2.53    5.00    29.62
15762076        2.53    5.00    29.16
15784000        2.53    5.00    29.65
15805892        2.53    5.00    29.15
15827804        2.53    5.00    29.18
15849716        2.53    5.00    28.67
15871620        2.53    5.00    28.68
15893552        2.53    5.00    28.20
15915460        2.53    5.00    29.14
15937372        2.53    5.00    29.62
15959284        2.53    5.00    29.63
15981172        2.53    5.00    29.64
16003088        2.53    5.00    29.66
16024996        2.53    5.00    29.15
16046916        2.53    5.00    29.16
16068828        2.53    5.00    29.13
16090732        2.53    5.00    28.68
16112648        2.53    5.00    28.68
16134540        2.53    5.00    28.67
16156444        2.53    5.00    29.18
16178368        2.53    5.00    29.62
16200260        2.53    5.00    29.15
16222180        2.53    5.00    29.64
16244068        2.53    5.00    29.16
16265996        2.53    5.00    29.64
16287904        2.53    5.00    28.68
16309812        2.53    5.00    29.15
16331700        2.53    5.00    28.69
16353604        2.53    5.00    29.18
16375492        2.53    5.00    29.17
16397392        2.53    5.00    29.65
16419300        2.53    5.00    29.66
16441220        2.53    5.00    29.62
16463124        2.53    5.00    29.15
16485028        2.53    5.00    29.65
16506944        2.53    5.00    29.16
16528868        2.53    5.00    28.67
16550756        2.53    5.00    29.15
16572652        2.53    5.00    29.17
16594556        2.53    5.00    29.18
16616456        2.53    5.00    29.64
16638356        2.53    5.00    29.65
16660260        2.53    5.00    29.65
16682176        2.53    5.00    29.16
16704068        2.53    5.00    29.65
16725972        2.53    5.00    29.17
16747884        2.53    5.00    28.67
16769772        2.53    5.00    29.18
16791688        2.53    5.00    29.16
16813580        2.53    5.00    29.15
16835492        2.53    5.00    29.63
16857400        2.53    5.00    29.66
16879308        2.53    5.00    29.64
16901216        2.53    5.00    29.63
16923124        2.53    5.00    29.16
16945036        2.53    5.00    29.62
16966964        2.53    5.00    29.13
16988864        2.53    5.00    29.16
17010760        2.53    5.00    29.16
17032668        2.53    5.00    29.63
17054572        2.53    5.00    29.66
17076476        2.53    5.00    29.16
17098380        2.53    5.00    29.65
17120308        2.53    5.00    29.62
17142204        2.53    5.00    29.63
17164092        2.53    5.00    29.17
17185992        2.53    5.00    29.17
17207876        2.53    5.00    29.18
17229780        2.53    5.00    29.19
17251696        2.53    5.00    29.62
17273580        2.53    5.00    29.16
17295480        2.53    5.00    29.66
17317388        2.53    5.00    29.18
17339276        2.53    5.00    29.64
17361172        2.53    5.00    29.17
17383060        2.53    5.00    29.18
17404964        2.53    5.00    29.18
17426860        2.53    5.00    29.17
17448756        2.53    5.00    29.17
17470672        2.53    5.00    29.17
17492580        2.53    5.00    29.63
17514504        2.53    5.00    29.62
17536420        2.53    5.00    29.62
17558324        2.53    5.00    29.64
17580232        2.53    5.00    29.62
17602124        2.53    5.00    29.17
17624012        2.53    5.00    29.18
17645948        2.53    5.00    29.15
17667868        2.53    5.00    29.61
17689784        2.53    5.00    29.15
17711684        2.53    5.00    29.62
17733580        2.53    5.00    29.66
17755476        2.53    5.00    29.65
17777364        2.53    5.00    29.66
17799288        2.53    5.00    29.65
17821180        2.53    5.00    29.15
17843080        2.53    5.00    29.17
17864972        2.53    5.00    29.17
17886876        2.53    5.00    29.19
17908800        2.53    5.00    29.62
17930716        2.53    5.00    29.62
17952612        2.53    5.00    29.64
17974508        2.53    5.00    29.64
17996396        2.53    5.00    29.66
18018312        2.53    5.00    29.65
18040204        2.53    5.00    29.15
18062092        2.53    5.00    29.18
18083992        2.53    5.00    29.17
18105916        2.53    5.00    29.17
18127820        2.53    5.00    29.62
18149748        2.53    5.00    29.63
18171668        2.53    5.00    30.08
18193576        2.53    5.00    29.64
18215484        2.53    5.00    29.63
18237404        2.53    5.00    29.16
18259316        2.53    5.00    29.61
18281236        2.53    5.00    28.68
18303156        2.53    5.00    29.61
18325076        2.53    5.00    29.14
18346980        2.53    5.00    30.10
18368876        2.53    5.00    29.62
18390812        2.53    5.00    30.10
18412712        2.53    5.00    29.63
18434604        2.53    5.00    29.65
18456524        2.53    5.00    29.65
18478428        2.53    5.00    29.63
18500316        2.53    5.00    29.17
18522248        2.53    5.00    29.17
18544140        2.53    5.00    29.61
18566028        2.53    5.00    29.66
18587924        2.53    5.00    29.66
18609832        2.53    5.00    30.11
18631760        2.53    5.00    29.64
18653684        2.53    5.00    29.63
18675604        2.53    5.00    29.60
18697492        2.53    5.00    29.64
18719380        2.53    5.00    29.19
18741296        2.53    5.00    29.17
18763212        2.53    5.00    29.63
18785100        2.53    5.00    29.15
18807044        2.53    5.00    29.61
18828932        2.53    5.00    30.12
18850864        2.53    5.00    29.65
18872788        2.53    5.00    29.61
18894708        2.53    5.00    29.61
18916620        2.53    5.00    29.61
18938532        2.53    5.00    29.16
18960436        2.53    5.00    29.15
18982348        2.53    5.00    29.17
19004244        2.53    5.00    29.62
19026144        2.53    5.00    29.65
19048028        2.53    5.00    29.66
19069948        2.53    5.00    29.67
19091860        2.53    5.00    30.09
19113748        2.53    5.00    29.17
19135680        2.53    5.00    29.17
19157588        2.53    5.00    29.61
19179484        2.53    5.00    29.16
19201412        2.53    5.00    29.17
19223332        2.53    5.00    29.62
19245232        2.53    5.00    30.09
19267132        2.53    5.00    29.66
19289020        2.53    5.00    30.12
19310916        2.53    5.00    29.65
19332820        2.53    5.00    29.66
19354724        2.53    5.00    29.15
19376628        2.53    5.00    29.17
19398540        2.53    5.00    29.63
19420460        2.53    5.00    29.62
19442364        2.53    5.00    29.64
19464280        2.53    5.00    29.63
19486180        2.53    5.00    30.10
19508100        2.53    5.00    30.11
19529996        2.53    5.00    29.64
19551892        2.53    5.00    29.66
19573792        2.53    5.00    29.16
19595724        2.53    5.00    29.18
19617620        2.53    5.00    29.60
19639540        2.53    5.00    29.62
19661436        2.53    5.00    29.65
19683364        2.53    5.00    30.10
19705276        2.53    5.00    30.12
19727192        2.53    5.00    29.63
19749092        2.53    5.00    30.09
19770980        2.53    5.00    29.67
19792868        2.53    5.00    29.18
19814820        2.53    5.00    29.14
19836724        2.53    5.00    29.62
19858640        2.53    5.00    29.15
19880532        2.53    5.00    30.11
19902432        2.53    5.00    30.14
19924332        2.53    5.00    30.12
19946228        2.53    5.00    30.13
19968168        2.53    5.00    30.09
19990084        2.53    5.00    29.15
20011980        2.53    5.00    29.64
20033876        2.53    5.00    28.69
20055796        2.53    5.00    28.71
20077712        2.53    5.00    29.61
20099620        2.53    5.00    29.63
20121540        2.53    5.00    30.09
20143444        2.53    5.00    30.13
20165372        2.53    5.00    30.10
20187276        2.53    5.00    30.09
20209172        2.53    5.00    29.66
20231068        2.53    5.00    29.16
20252980        2.53    5.00    29.16
