   0.0000000e+00   2.8081618e-01
   3.5035035e-02   2.9659457e-01
   7.0070070e-02   2.8813880e-01
   1.0510511e-01   3.1765903e-01
   1.4014014e-01   2.9248079e-01
   1.7517518e-01   2.9342755e-01
   2.1021021e-01   2.9160448e-01
   2.4524525e-01   2.8451534e-01
   2.8028028e-01   2.6535547e-01
   3.1531532e-01   3.0257980e-01
   3.5035035e-01   2.8328948e-01
   3.8538539e-01   2.6980210e-01
   4.2042042e-01   2.7353307e-01
   4.5545546e-01   2.8981858e-01
   4.9049049e-01   2.7352005e-01
   5.2552553e-01   2.7185493e-01
   5.6056056e-01   2.6480590e-01
   5.9559560e-01   2.5106070e-01
   6.3063063e-01   2.5735703e-01
   6.6566567e-01   2.5393840e-01
   7.0070070e-01   2.6148573e-01
   7.3573574e-01   2.6050629e-01
   7.7077077e-01   2.5532005e-01
   8.0580581e-01   2.6265662e-01
   8.4084084e-01   2.5008782e-01
   8.7587588e-01   2.5413723e-01
   9.1091091e-01   2.4135755e-01
   9.4594595e-01   2.3846359e-01
   9.8098098e-01   2.4361957e-01
   1.0160160e+00   2.5307841e-01
   1.0510511e+00   2.4506549e-01
   1.0860861e+00   2.4440346e-01
   1.1211211e+00   2.3263953e-01
   1.1561562e+00   2.3119004e-01
   1.1911912e+00   2.4213286e-01
   1.2262262e+00   2.3920596e-01
   1.2612613e+00   2.1985502e-01
   1.2962963e+00   2.1648813e-01
   1.3313313e+00   2.4003021e-01
   1.3663664e+00   2.2799029e-01
   1.4014014e+00   2.2506713e-01
   1.4364364e+00   2.2887720e-01
   1.4714715e+00   2.2244555e-01
   1.5065065e+00   2.2408480e-01
   1.5415415e+00   2.2508727e-01
   1.5765766e+00   2.0270690e-01
   1.6116116e+00   2.1748677e-01
   1.6466466e+00   2.1544417e-01
   1.6816817e+00   2.1835293e-01
   1.7167167e+00   2.1587093e-01
   1.7517518e+00   1.9890127e-01
   1.7867868e+00   2.1117533e-01
   1.8218218e+00   1.9839666e-01
   1.8568569e+00   2.0339418e-01
   1.8918919e+00   2.0654727e-01
   1.9269269e+00   2.1361080e-01
   1.9619620e+00   2.0727970e-01
   1.9969970e+00   2.0388389e-01
   2.0320320e+00   1.8557960e-01
   2.0670671e+00   1.9952721e-01
   2.1021021e+00   2.0875975e-01
   2.1371371e+00   1.7449959e-01
   2.1721722e+00   1.9891086e-01
   2.2072072e+00   1.6833359e-01
   2.2422422e+00   1.8853690e-01
   2.2772773e+00   1.9423005e-01
   2.3123123e+00   1.7186145e-01
   2.3473473e+00   1.9519428e-01
   2.3823824e+00   1.8832264e-01
   2.4174174e+00   1.9457631e-01
   2.4524525e+00   1.8856609e-01
   2.4874875e+00   1.7795608e-01
   2.5225225e+00   1.8439814e-01
   2.5575576e+00   1.7967560e-01
   2.5925926e+00   1.5973584e-01
   2.6276276e+00   1.8075699e-01
   2.6626627e+00   1.7951291e-01
   2.6976977e+00   1.7914831e-01
   2.7327327e+00   1.7481243e-01
   2.7677678e+00   1.7128826e-01
   2.8028028e+00   1.4440382e-01
   2.8378378e+00   1.8555438e-01
   2.8728729e+00   1.5963951e-01
   2.9079079e+00   1.6050001e-01
   2.9429429e+00   1.7486812e-01
   2.9779780e+00   1.5970533e-01
   3.0130130e+00   1.5422404e-01
   3.0480480e+00   1.6948158e-01
   3.0830831e+00   1.5939078e-01
   3.1181181e+00   1.4958260e-01
   3.1531532e+00   1.7615608e-01
   3.1881882e+00   1.5549509e-01
   3.2232232e+00   1.4971429e-01
   3.2582583e+00   1.4281288e-01
   3.2932933e+00   1.5200425e-01
   3.3283283e+00   1.6971156e-01
   3.3633634e+00   1.5938414e-01
   3.3983984e+00   1.4175833e-01
   3.4334334e+00   1.4895279e-01
   3.4684685e+00   1.5852871e-01
   3.5035035e+00   1.6445281e-01
   3.5385385e+00   1.4653493e-01
   3.5735736e+00   1.3862178e-01
   3.6086086e+00   1.4865954e-01
   3.6436436e+00   1.3344281e-01
   3.6786787e+00   1.5255901e-01
   3.7137137e+00   1.3330000e-01
   3.7487487e+00   1.3552951e-01
   3.7837838e+00   1.2084517e-01
   3.8188188e+00   1.3025333e-01
   3.8538539e+00   1.4137639e-01
   3.8888889e+00   1.4980972e-01
   3.9239239e+00   1.4795503e-01
   3.9589590e+00   1.1978303e-01
   3.9939940e+00   1.3139441e-01
   4.0290290e+00   1.3393218e-01
   4.0640641e+00   1.3293642e-01
   4.0990991e+00   1.3432418e-01
   4.1341341e+00   1.3303245e-01
   4.1691692e+00   1.2510906e-01
   4.2042042e+00   1.2700848e-01
   4.2392392e+00   1.2157058e-01
   4.2742743e+00   1.2075437e-01
   4.3093093e+00   1.3603851e-01
   4.3443443e+00   1.1374220e-01
   4.3793794e+00   1.2134126e-01
   4.4144144e+00   1.1225296e-01
   4.4494494e+00   1.2965687e-01
   4.4844845e+00   1.1146165e-01
   4.5195195e+00   1.0451092e-01
   4.5545546e+00   1.0774372e-01
   4.5895896e+00   1.2526116e-01
   4.6246246e+00   1.4032185e-01
   4.6596597e+00   1.1236907e-01
   4.6946947e+00   1.2556465e-01
   4.7297297e+00   1.3262466e-01
   4.7647648e+00   1.2783943e-01
   4.7997998e+00   1.3101158e-01
   4.8348348e+00   1.0807098e-01
   4.8698699e+00   1.2367467e-01
   4.9049049e+00   1.1003886e-01
   4.9399399e+00   9.6846851e-02
   4.9749750e+00   1.0735580e-01
   5.0100100e+00   1.1368834e-01
   5.0450450e+00   1.2772316e-01
   5.0800801e+00   1.1758725e-01
   5.1151151e+00   1.1037497e-01
   5.1501502e+00   1.1693915e-01
   5.1851852e+00   1.0120544e-01
   5.2202202e+00   9.2501918e-02
   5.2552553e+00   9.7997885e-02
   5.2902903e+00   9.2284132e-02
   5.3253253e+00   1.1323551e-01
   5.3603604e+00   1.0133609e-01
   5.3953954e+00   9.0072123e-02
   5.4304304e+00   9.9187402e-02
   5.4654655e+00   9.2097294e-02
   5.5005005e+00   9.6708378e-02
   5.5355355e+00   1.1339692e-01
   5.5705706e+00   1.1337654e-01
   5.6056056e+00   9.0333776e-02
   5.6406406e+00   9.3347780e-02
   5.6756757e+00   1.0065468e-01
   5.7107107e+00   9.6881554e-02
   5.7457457e+00   8.9960909e-02
   5.7807808e+00   1.0463142e-01
   5.8158158e+00   7.9557003e-02
   5.8508509e+00   1.1856103e-01
   5.8858859e+00   8.8864652e-02
   5.9209209e+00   9.5811898e-02
   5.9559560e+00   8.4095780e-02
   5.9909910e+00   8.0314584e-02
   6.0260260e+00   1.0122876e-01
   6.0610611e+00   8.9646953e-02
   6.0960961e+00   9.0947357e-02
   6.1311311e+00   8.9276648e-02
   6.1661662e+00   9.4367572e-02
   6.2012012e+00   1.0418915e-01
   6.2362362e+00   9.2842142e-02
   6.2712713e+00   9.2461875e-02
   6.3063063e+00   9.7378634e-02
   6.3413413e+00   9.3382141e-02
   6.3763764e+00   7.2305237e-02
   6.4114114e+00   8.0579235e-02
   6.4464464e+00   6.6388143e-02
   6.4814815e+00   8.7879338e-02
   6.5165165e+00   1.0051483e-01
   6.5515516e+00   9.6721845e-02
   6.5865866e+00   8.9566162e-02
   6.6216216e+00   7.0415760e-02
   6.6566567e+00   7.1865755e-02
   6.6916917e+00   8.0482147e-02
   6.7267267e+00   7.6816619e-02
   6.7617618e+00   8.6268615e-02
   6.7967968e+00   9.0191496e-02
   6.8318318e+00   7.3998396e-02
   6.8668669e+00   7.5257767e-02
   6.9019019e+00   8.6396950e-02
   6.9369369e+00   7.9810871e-02
   6.9719720e+00   5.7593414e-02
   7.0070070e+00   6.5760233e-02
   7.0420420e+00   6.5837402e-02
   7.0770771e+00   5.9588225e-02
   7.1121121e+00   7.0523949e-02
   7.1471471e+00   7.3147806e-02
   7.1821822e+00   8.5270371e-02
   7.2172172e+00   7.7896129e-02
   7.2522523e+00   8.1967863e-02
   7.2872873e+00   6.2311372e-02
   7.3223223e+00   7.2579780e-02
   7.3573574e+00   8.5233264e-02
   7.3923924e+00   6.1917347e-02
   7.4274274e+00   7.4650354e-02
   7.4624625e+00   8.0179040e-02
   7.4974975e+00   5.6574441e-02
   7.5325325e+00   7.1384423e-02
   7.5675676e+00   5.6973015e-02
   7.6026026e+00   6.0832391e-02
   7.6376376e+00   5.8460645e-02
   7.6726727e+00   5.9646604e-02
   7.7077077e+00   6.1126403e-02
   7.7427427e+00   5.5397867e-02
   7.7777778e+00   5.7038387e-02
   7.8128128e+00   6.7888517e-02
   7.8478478e+00   7.9142961e-02
   7.8828829e+00   4.6587133e-02
   7.9179179e+00   5.8851396e-02
   7.9529530e+00   6.4558031e-02
   7.9879880e+00   6.5558311e-02
   8.0230230e+00   6.9817543e-02
   8.0580581e+00   6.1183221e-02
   8.0930931e+00   4.2032546e-02
   8.1281281e+00   6.5714169e-02
   8.1631632e+00   6.7605891e-02
   8.1981982e+00   5.2721832e-02
   8.2332332e+00   5.4633498e-02
   8.2682683e+00   5.1577918e-02
   8.3033033e+00   5.5361912e-02
   8.3383383e+00   4.7254657e-02
   8.3733734e+00   6.8091812e-02
   8.4084084e+00   4.3690362e-02
   8.4434434e+00   5.1616708e-02
   8.4784785e+00   6.8267997e-02
   8.5135135e+00   5.8510598e-02
   8.5485485e+00   5.0657273e-02
   8.5835836e+00   4.9632745e-02
   8.6186186e+00   5.7391558e-02
   8.6536537e+00   6.2174243e-02
   8.6886887e+00   5.9953130e-02
   8.7237237e+00   6.9767679e-02
   8.7587588e+00   4.1952611e-02
   8.7937938e+00   4.9877170e-02
   8.8288288e+00   3.1051247e-02
   8.8638639e+00   5.5047783e-02
   8.8988989e+00   5.7945838e-02
   8.9339339e+00   5.1068928e-02
   8.9689690e+00   3.3033217e-02
   9.0040040e+00   2.8932858e-02
   9.0390390e+00   6.7413359e-02
   9.0740741e+00   3.6369104e-02
   9.1091091e+00   5.7882413e-02
   9.1441441e+00   4.6464878e-02
   9.1791792e+00   4.7060353e-02
   9.2142142e+00   4.1406280e-02
   9.2492492e+00   5.2866989e-02
   9.2842843e+00   4.5276839e-02
   9.3193193e+00   3.5836630e-02
   9.3543544e+00   4.3071628e-02
   9.3893894e+00   4.5703050e-02
   9.4244244e+00   4.4230639e-02
   9.4594595e+00   4.9682734e-02
   9.4944945e+00   4.8937406e-02
   9.5295295e+00   1.9464463e-02
   9.5645646e+00   3.6409973e-02
   9.5995996e+00   4.2845445e-02
   9.6346346e+00   4.8419850e-02
   9.6696697e+00   5.0222657e-02
   9.7047047e+00   4.8468343e-02
   9.7397397e+00   3.8965408e-02
   9.7747748e+00   5.6901823e-02
   9.8098098e+00   3.4081712e-02
   9.8448448e+00   2.7167904e-02
   9.8798799e+00   4.5842006e-02
   9.9149149e+00   5.0939325e-02
   9.9499499e+00   5.0713203e-02
   9.9849850e+00   4.5945827e-02
   1.0020020e+01   4.9186135e-02
   1.0055055e+01   4.1736648e-02
   1.0090090e+01   5.5532480e-02
   1.0125125e+01   5.3124740e-02
   1.0160160e+01   4.0245956e-02
   1.0195195e+01   4.6871350e-02
   1.0230230e+01   4.9873721e-02
   1.0265265e+01   5.3502206e-02
   1.0300300e+01   3.6910086e-02
   1.0335335e+01   5.0544923e-02
   1.0370370e+01   4.8634749e-02
   1.0405405e+01   4.7190780e-02
   1.0440440e+01   4.9180010e-02
   1.0475475e+01   3.5844729e-02
   1.0510511e+01   4.2854777e-02
   1.0545546e+01   4.7313492e-02
   1.0580581e+01   3.1729268e-02
   1.0615616e+01   2.3089270e-02
   1.0650651e+01   4.2234384e-02
   1.0685686e+01   3.7407941e-02
   1.0720721e+01   3.9650678e-02
   1.0755756e+01   3.4774355e-02
   1.0790791e+01   2.6196497e-02
   1.0825826e+01   3.9246479e-02
   1.0860861e+01   4.3510170e-02
   1.0895896e+01   3.6857313e-02
   1.0930931e+01   3.1569381e-02
   1.0965966e+01   3.3060930e-02
   1.1001001e+01   3.0954011e-02
   1.1036036e+01   1.9191187e-02
   1.1071071e+01   3.5422438e-02
   1.1106106e+01   4.3163698e-02
   1.1141141e+01   3.2901217e-02
   1.1176176e+01   2.6444084e-02
   1.1211211e+01   3.8492528e-02
   1.1246246e+01   4.3734253e-02
   1.1281281e+01   3.5970778e-02
   1.1316316e+01   3.6138868e-02
   1.1351351e+01   3.3201485e-02
   1.1386386e+01   2.5022482e-02
   1.1421421e+01   3.1876781e-02
   1.1456456e+01   4.1627132e-02
   1.1491491e+01   2.9568821e-02
   1.1526527e+01   3.6981163e-02
   1.1561562e+01   2.9104089e-02
   1.1596597e+01   3.5404636e-02
   1.1631632e+01   2.3100079e-02
   1.1666667e+01   1.7188790e-02
   1.1701702e+01   4.5348970e-03
   1.1736737e+01   3.6006800e-02
   1.1771772e+01   3.1954562e-02
   1.1806807e+01   3.5568402e-02
   1.1841842e+01   3.3801610e-02
   1.1876877e+01   1.0118131e-02
   1.1911912e+01   2.8732893e-02
   1.1946947e+01   4.6854173e-02
   1.1981982e+01   3.6620366e-02
   1.2017017e+01   2.5614572e-02
   1.2052052e+01   2.2251542e-02
   1.2087087e+01   2.3092602e-02
   1.2122122e+01   2.9140063e-02
   1.2157157e+01   2.8226870e-02
   1.2192192e+01   1.7243469e-02
   1.2227227e+01   2.1462006e-02
   1.2262262e+01   2.2994504e-02
   1.2297297e+01   3.6609360e-02
   1.2332332e+01   3.5643250e-02
   1.2367367e+01   2.8313019e-02
   1.2402402e+01   1.2501623e-02
   1.2437437e+01   2.7337073e-02
   1.2472472e+01   3.2595828e-02
   1.2507508e+01   2.2658351e-02
   1.2542543e+01   1.1346762e-02
   1.2577578e+01   1.6590374e-02
   1.2612613e+01   3.1902605e-02
   1.2647648e+01   2.3222326e-02
   1.2682683e+01   2.7574172e-02
   1.2717718e+01   2.6690517e-02
   1.2752753e+01   3.0932181e-02
   1.2787788e+01   3.2820053e-02
   1.2822823e+01   2.7500844e-02
   1.2857858e+01   2.8456065e-02
   1.2892893e+01   2.6436417e-02
   1.2927928e+01   1.1158613e-02
   1.2962963e+01   3.1722578e-02
   1.2997998e+01   3.2768345e-02
   1.3033033e+01   2.5426307e-02
   1.3068068e+01   1.9584050e-02
   1.3103103e+01   1.6148942e-02
   1.3138138e+01   6.0287994e-03
   1.3173173e+01   2.1820733e-02
   1.3208208e+01   2.7445043e-02
   1.3243243e+01   3.0826927e-02
   1.3278278e+01   1.9820463e-02
   1.3313313e+01   1.6103028e-02
   1.3348348e+01   3.7986632e-02
   1.3383383e+01   3.7753648e-02
   1.3418418e+01   4.4412842e-02
   1.3453453e+01   1.0977799e-02
   1.3488488e+01   7.3697106e-03
   1.3523524e+01   2.1692986e-02
   1.3558559e+01   2.3817207e-02
   1.3593594e+01   2.6637696e-02
   1.3628629e+01   1.4731401e-02
   1.3663664e+01   1.7524377e-02
   1.3698699e+01   1.6293097e-02
   1.3733734e+01  -4.6913798e-04
   1.3768769e+01   1.0885239e-02
   1.3803804e+01   1.9646324e-02
   1.3838839e+01   1.4684328e-02
   1.3873874e+01   2.7127049e-02
   1.3908909e+01   2.4513490e-02
   1.3943944e+01   2.1438784e-02
   1.3978979e+01   2.4523139e-02
   1.4014014e+01   3.8739456e-02
   1.4049049e+01   1.5546894e-02
   1.4084084e+01   4.4574673e-02
   1.4119119e+01   3.6391780e-02
   1.4154154e+01   3.0336267e-02
   1.4189189e+01  -2.1227856e-03
   1.4224224e+01   1.1793830e-02
   1.4259259e+01   4.1490522e-03
   1.4294294e+01   1.9221358e-02
   1.4329329e+01   6.4961334e-03
   1.4364364e+01   1.2561180e-02
   1.4399399e+01   3.1621319e-02
   1.4434434e+01   4.4422635e-03
   1.4469469e+01  -1.8587732e-03
   1.4504505e+01   9.0160599e-03
   1.4539540e+01   1.3813866e-02
   1.4574575e+01   2.3101851e-02
   1.4609610e+01   1.7331166e-02
   1.4644645e+01   1.2512820e-02
   1.4679680e+01   1.8270373e-02
   1.4714715e+01   4.4309358e-03
   1.4749750e+01   1.8713016e-02
   1.4784785e+01   2.5960031e-02
   1.4819820e+01   1.5281639e-02
   1.4854855e+01   2.7232370e-02
   1.4889890e+01   1.1942474e-02
   1.4924925e+01   2.5361009e-02
   1.4959960e+01   1.5963364e-03
   1.4994995e+01   1.5403578e-02
   1.5030030e+01   2.0544540e-02
   1.5065065e+01   4.2626017e-03
   1.5100100e+01  -1.2543742e-04
   1.5135135e+01   8.6260850e-03
   1.5170170e+01   1.1846250e-02
   1.5205205e+01   2.7903903e-02
   1.5240240e+01   4.1789355e-03
   1.5275275e+01   2.4578263e-02
   1.5310310e+01   1.1444117e-02
   1.5345345e+01   7.7472953e-03
   1.5380380e+01   1.0331844e-02
   1.5415415e+01   3.5107319e-02
   1.5450450e+01   7.4893910e-03
   1.5485485e+01   2.8693414e-02
   1.5520521e+01   1.4314950e-02
   1.5555556e+01   8.3394317e-03
   1.5590591e+01   2.0330356e-02
   1.5625626e+01   1.4376368e-02
   1.5660661e+01   1.2230458e-02
   1.5695696e+01   1.7816539e-02
   1.5730731e+01   8.1455685e-03
   1.5765766e+01   3.3985573e-02
   1.5800801e+01   1.3715952e-02
   1.5835836e+01   2.0703537e-02
   1.5870871e+01   2.2717781e-02
   1.5905906e+01   3.1269871e-03
   1.5940941e+01   2.7099012e-02
   1.5975976e+01   2.2137158e-02
   1.6011011e+01   4.7349072e-03
   1.6046046e+01   1.5270654e-02
   1.6081081e+01   2.8886500e-03
   1.6116116e+01   2.4251628e-02
   1.6151151e+01   1.1598645e-02
   1.6186186e+01   2.0878843e-02
   1.6221221e+01   1.2291974e-02
   1.6256256e+01   1.4298003e-02
   1.6291291e+01   6.5944443e-03
   1.6326326e+01   6.8646699e-03
   1.6361361e+01   9.4959382e-03
   1.6396396e+01   3.5553108e-02
   1.6431431e+01   1.9923187e-02
   1.6466466e+01   1.6757044e-02
   1.6501502e+01   1.6558729e-02
   1.6536537e+01   3.4967807e-02
   1.6571572e+01   1.5480899e-02
   1.6606607e+01   1.7382267e-02
   1.6641642e+01   4.6211069e-03
   1.6676677e+01   1.0493888e-02
   1.6711712e+01   2.2575828e-04
   1.6746747e+01   1.5990779e-02
   1.6781782e+01   3.7646294e-03
   1.6816817e+01   2.4033547e-02
   1.6851852e+01   2.0101579e-02
   1.6886887e+01   9.5783744e-03
   1.6921922e+01   6.5907675e-03
   1.6956957e+01  -3.6457956e-03
   1.6991992e+01   1.8534679e-02
   1.7027027e+01   1.8539556e-02
   1.7062062e+01   8.8929484e-03
   1.7097097e+01   3.0859760e-02
   1.7132132e+01   1.5692720e-02
   1.7167167e+01   1.5702639e-02
   1.7202202e+01   9.8463791e-03
   1.7237237e+01   1.7234450e-02
   1.7272272e+01   2.0531882e-03
   1.7307307e+01   8.4521051e-03
   1.7342342e+01  -6.0289008e-04
   1.7377377e+01  -3.0284891e-03
   1.7412412e+01  -9.1572357e-03
   1.7447447e+01   2.5052458e-02
   1.7482482e+01  -1.1227475e-02
   1.7517518e+01   3.2579817e-02
   1.7552553e+01   1.6604940e-02
   1.7587588e+01  -1.2244624e-02
   1.7622623e+01   7.9362097e-03
   1.7657658e+01   1.7626210e-02
   1.7692693e+01   1.8329758e-03
   1.7727728e+01   1.6613059e-02
   1.7762763e+01  -1.7820483e-03
   1.7797798e+01   9.5173986e-03
   1.7832833e+01   2.3713074e-02
   1.7867868e+01   1.2158952e-02
   1.7902903e+01   2.0747927e-02
   1.7937938e+01   8.9547987e-03
   1.7972973e+01   1.4384685e-03
   1.8008008e+01   1.3319565e-02
   1.8043043e+01   8.6637571e-03
   1.8078078e+01   2.9371279e-02
   1.8113113e+01  -1.8225057e-04
   1.8148148e+01   8.9476854e-03
   1.8183183e+01  -6.7150792e-03
   1.8218218e+01   2.4117040e-02
   1.8253253e+01   1.4396644e-02
   1.8288288e+01   2.1908903e-02
   1.8323323e+01   5.1515204e-03
   1.8358358e+01   1.2134408e-02
   1.8393393e+01   2.0590553e-02
   1.8428428e+01   4.5908184e-03
   1.8463463e+01   1.3163617e-02
   1.8498498e+01  -6.6375796e-03
   1.8533534e+01   4.4361234e-03
   1.8568569e+01   6.1205770e-03
   1.8603604e+01   2.6470047e-04
   1.8638639e+01  -8.5559363e-03
   1.8673674e+01   1.0039689e-02
   1.8708709e+01   9.5158512e-03
   1.8743744e+01   1.3288607e-02
   1.8778779e+01   1.6700023e-02
   1.8813814e+01  -1.7794490e-03
   1.8848849e+01   9.5400648e-03
   1.8883884e+01   8.3190757e-03
   1.8918919e+01   1.8796451e-02
   1.8953954e+01   1.6020715e-02
   1.8988989e+01  -1.1124388e-03
   1.9024024e+01  -1.1471621e-02
   1.9059059e+01  -1.4860560e-03
   1.9094094e+01   1.6475416e-02
   1.9129129e+01   6.4663013e-03
   1.9164164e+01   4.4572724e-03
   1.9199199e+01  -5.1831747e-04
   1.9234234e+01   1.5384017e-04
   1.9269269e+01   1.0991405e-02
   1.9304304e+01   1.3896260e-02
   1.9339339e+01   1.1334865e-02
   1.9374374e+01   8.0272563e-03
   1.9409409e+01   1.7873802e-02
   1.9444444e+01   4.3364466e-03
   1.9479479e+01   5.9346932e-03
   1.9514515e+01  -3.7402382e-03
   1.9549550e+01   8.0187794e-03
   1.9584585e+01   4.4959478e-03
   1.9619620e+01  -4.2697479e-03
   1.9654655e+01   1.1440101e-02
   1.9689690e+01   8.5464664e-03
   1.9724725e+01   2.6420489e-02
   1.9759760e+01   1.0932421e-02
   1.9794795e+01   1.0903095e-02
   1.9829830e+01   3.9208658e-03
   1.9864865e+01  -5.2789708e-03
   1.9899900e+01  -6.2573676e-03
   1.9934935e+01   8.9503362e-03
   1.9969970e+01   2.0865374e-02
   2.0005005e+01   9.2671719e-03
   2.0040040e+01   1.4983165e-02
   2.0075075e+01   5.1137033e-04
   2.0110110e+01   8.5106310e-03
   2.0145145e+01   2.6994298e-03
   2.0180180e+01  -2.6216134e-03
   2.0215215e+01   1.2704155e-02
   2.0250250e+01   2.4208905e-03
   2.0285285e+01  -2.6979421e-02
   2.0320320e+01   2.4501410e-02
   2.0355355e+01   2.1301535e-03
   2.0390390e+01   8.9118100e-03
   2.0425425e+01   5.0263751e-04
   2.0460460e+01   6.5758670e-03
   2.0495495e+01   2.3636435e-03
   2.0530531e+01   4.3270572e-03
   2.0565566e+01   5.5808006e-04
   2.0600601e+01  -6.1638876e-03
   2.0635636e+01   2.5092301e-04
   2.0670671e+01   7.7466866e-03
   2.0705706e+01   2.8236419e-03
   2.0740741e+01   2.0714816e-02
   2.0775776e+01   3.5659428e-02
   2.0810811e+01  -2.8858030e-03
   2.0845846e+01  -4.0840365e-03
   2.0880881e+01  -5.9227711e-03
   2.0915916e+01  -5.1810300e-03
   2.0950951e+01   3.4219399e-03
   2.0985986e+01   7.9655255e-03
   2.1021021e+01   6.0285857e-03
   2.1056056e+01  -8.6199041e-03
   2.1091091e+01   1.9674574e-02
   2.1126126e+01   1.3972941e-02
   2.1161161e+01  -5.5057387e-03
   2.1196196e+01   1.9536746e-03
   2.1231231e+01  -5.6252666e-04
   2.1266266e+01   3.6537322e-03
   2.1301301e+01  -2.1635857e-03
   2.1336336e+01  -2.9472213e-03
   2.1371371e+01   5.9907842e-03
   2.1406406e+01   1.1215373e-03
   2.1441441e+01   4.0967802e-03
   2.1476476e+01   5.7455938e-04
   2.1511512e+01   2.6125094e-03
   2.1546547e+01   6.1735632e-03
   2.1581582e+01  -2.5367317e-03
   2.1616617e+01   1.7832542e-02
   2.1651652e+01   1.0000238e-02
   2.1686687e+01  -2.3632558e-02
   2.1721722e+01  -2.7330287e-03
   2.1756757e+01   1.0306068e-02
   2.1791792e+01   1.3197144e-02
   2.1826827e+01  -1.0451723e-02
   2.1861862e+01   2.1450002e-02
   2.1896897e+01   3.3624259e-03
   2.1931932e+01  -1.1292567e-02
   2.1966967e+01  -5.4201239e-04
   2.2002002e+01  -2.8111594e-03
   2.2037037e+01   1.9360556e-02
   2.2072072e+01  -1.8279991e-02
   2.2107107e+01  -4.4657888e-03
   2.2142142e+01   7.4484526e-03
   2.2177177e+01   1.0984221e-02
   2.2212212e+01  -1.2718009e-02
   2.2247247e+01   1.7185747e-02
   2.2282282e+01  -1.0607372e-02
   2.2317317e+01  -5.3649467e-03
   2.2352352e+01  -3.3013644e-05
   2.2387387e+01   1.1837006e-02
   2.2422422e+01   8.8921135e-03
   2.2457457e+01   3.4120619e-03
   2.2492492e+01   1.2110913e-02
   2.2527528e+01  -2.1210086e-03
   2.2562563e+01   1.9013419e-02
   2.2597598e+01   4.1877368e-03
   2.2632633e+01  -1.5170124e-02
   2.2667668e+01  -5.8178765e-03
   2.2702703e+01  -6.6561909e-03
   2.2737738e+01  -8.1203402e-03
   2.2772773e+01   9.7636148e-03
   2.2807808e+01  -8.9444352e-03
   2.2842843e+01   3.1098544e-03
   2.2877878e+01   1.8747062e-03
   2.2912913e+01  -4.6676673e-03
   2.2947948e+01   4.1350076e-03
   2.2982983e+01  -4.0008120e-03
   2.3018018e+01   2.1484404e-02
   2.3053053e+01  -1.2116574e-02
   2.3088088e+01   5.6139363e-03
   2.3123123e+01  -2.0549290e-03
   2.3158158e+01   8.2662090e-04
   2.3193193e+01  -1.4402538e-02
   2.3228228e+01   1.1297447e-02
   2.3263263e+01   5.0217792e-03
   2.3298298e+01   1.3796861e-02
   2.3333333e+01   9.0321164e-03
   2.3368368e+01  -5.1535273e-03
   2.3403403e+01  -9.4365657e-03
   2.3438438e+01  -2.3459761e-03
   2.3473473e+01   7.9384754e-03
   2.3508509e+01  -8.3254229e-03
   2.3543544e+01   2.5606178e-04
   2.3578579e+01  -1.9171276e-02
   2.3613614e+01  -7.1768493e-03
   2.3648649e+01   7.3831542e-03
   2.3683684e+01   1.0794824e-02
   2.3718719e+01   1.6521004e-02
   2.3753754e+01   6.7924693e-03
   2.3788789e+01   6.1879823e-03
   2.3823824e+01  -7.2254031e-03
   2.3858859e+01  -1.7248642e-02
   2.3893894e+01   1.2467055e-02
   2.3928929e+01   7.8845307e-03
   2.3963964e+01   6.9419884e-03
   2.3998999e+01   9.0116324e-03
   2.4034034e+01  -1.9276925e-03
   2.4069069e+01   1.3661566e-02
   2.4104104e+01   1.2016655e-02
   2.4139139e+01  -4.8478293e-04
   2.4174174e+01  -3.7750288e-03
   2.4209209e+01   1.8615840e-03
   2.4244244e+01   9.0430631e-03
   2.4279279e+01   1.3833552e-02
   2.4314314e+01   1.2213015e-02
   2.4349349e+01  -1.6626565e-02
   2.4384384e+01   5.2322020e-03
   2.4419419e+01  -2.8418465e-02
   2.4454454e+01  -1.3733376e-02
   2.4489489e+01  -6.2244991e-03
   2.4524525e+01   2.6650644e-03
   2.4559560e+01   1.6306740e-03
   2.4594595e+01   9.6592400e-04
   2.4629630e+01   1.2548314e-02
   2.4664665e+01   3.3340139e-03
   2.4699700e+01   1.0963226e-02
   2.4734735e+01   1.3701144e-03
   2.4769770e+01  -7.0276385e-03
   2.4804805e+01  -9.7612825e-03
   2.4839840e+01   1.4084728e-02
   2.4874875e+01  -2.0870093e-03
   2.4909910e+01   6.8975694e-03
   2.4944945e+01   1.9786397e-03
   2.4979980e+01  -3.2081575e-03
   2.5015015e+01   6.6204909e-03
   2.5050050e+01  -6.4228625e-03
   2.5085085e+01   1.1190209e-02
   2.5120120e+01   1.4757554e-02
   2.5155155e+01   2.0163339e-02
   2.5190190e+01   8.7049899e-03
   2.5225225e+01   1.1287197e-02
   2.5260260e+01   9.8014705e-03
   2.5295295e+01  -8.1764841e-03
   2.5330330e+01   7.3885251e-04
   2.5365365e+01   6.0703786e-03
   2.5400400e+01  -9.5638977e-03
   2.5435435e+01  -3.8197644e-04
   2.5470470e+01  -1.2324252e-02
   2.5505506e+01  -7.9598241e-04
   2.5540541e+01   4.0945408e-03
   2.5575576e+01   5.1627822e-03
   2.5610611e+01   8.6235151e-03
   2.5645646e+01   1.1583762e-02
   2.5680681e+01  -3.9120445e-04
   2.5715716e+01   1.1364005e-02
   2.5750751e+01   1.2089155e-02
   2.5785786e+01   1.5831493e-04
   2.5820821e+01   2.8231026e-03
   2.5855856e+01   1.0797602e-02
   2.5890891e+01   1.0308368e-03
   2.5925926e+01  -5.5879045e-03
   2.5960961e+01  -3.4158716e-03
   2.5995996e+01  -4.7782722e-03
   2.6031031e+01  -9.1962281e-03
   2.6066066e+01   1.3962261e-02
   2.6101101e+01  -1.9228290e-02
   2.6136136e+01   6.8893945e-04
   2.6171171e+01   2.8955270e-03
   2.6206206e+01   3.6510313e-03
   2.6241241e+01  -5.5779195e-04
   2.6276276e+01  -1.3703834e-02
   2.6311311e+01  -3.8871207e-03
   2.6346346e+01  -8.7339113e-03
   2.6381381e+01   8.4089918e-03
   2.6416416e+01  -2.4100709e-03
   2.6451451e+01   6.2686725e-03
   2.6486486e+01   8.6699884e-04
   2.6521522e+01  -4.0994286e-03
   2.6556557e+01  -5.8733353e-03
   2.6591592e+01  -1.2395902e-02
   2.6626627e+01  -6.5317064e-03
   2.6661662e+01  -4.6623585e-03
   2.6696697e+01   3.3747721e-04
   2.6731732e+01   5.5722463e-03
   2.6766767e+01   3.7206294e-03
   2.6801802e+01   9.9800737e-03
   2.6836837e+01   1.8820073e-03
   2.6871872e+01   1.1623630e-02
   2.6906907e+01  -4.3949039e-04
   2.6941942e+01  -1.5304844e-03
   2.6976977e+01   9.5132669e-03
   2.7012012e+01   4.5750463e-03
   2.7047047e+01   2.7260313e-03
   2.7082082e+01  -3.1772129e-03
   2.7117117e+01  -2.0680102e-04
   2.7152152e+01  -7.4756584e-03
   2.7187187e+01  -6.2188408e-04
   2.7222222e+01   3.2449275e-03
   2.7257257e+01   1.7235803e-02
   2.7292292e+01  -3.1413975e-03
   2.7327327e+01  -2.9505968e-03
   2.7362362e+01   3.5183413e-03
   2.7397397e+01   2.7155051e-03
   2.7432432e+01   1.3396136e-03
   2.7467467e+01   2.3100218e-03
   2.7502503e+01  -1.9269897e-02
   2.7537538e+01   1.4357160e-02
   2.7572573e+01   7.3887672e-03
   2.7607608e+01  -2.9927218e-03
   2.7642643e+01  -5.3546406e-03
   2.7677678e+01  -5.7182385e-03
   2.7712713e+01  -1.5617720e-02
   2.7747748e+01  -1.3149268e-03
   2.7782783e+01   1.3092165e-02
   2.7817818e+01  -1.4485204e-02
   2.7852853e+01  -1.6309400e-02
   2.7887888e+01   8.9356730e-04
   2.7922923e+01  -1.2355302e-02
   2.7957958e+01  -1.7533299e-03
   2.7992993e+01  -6.4017355e-03
   2.8028028e+01   5.4204094e-03
   2.8063063e+01  -3.2169349e-03
   2.8098098e+01   2.3063549e-03
   2.8133133e+01   5.2858805e-03
   2.8168168e+01   5.1211726e-03
   2.8203203e+01   5.9024776e-03
   2.8238238e+01  -1.8755198e-03
   2.8273273e+01  -2.3644423e-02
   2.8308308e+01   3.5651119e-03
   2.8343343e+01  -8.2559886e-03
   2.8378378e+01   6.3469607e-03
   2.8413413e+01  -1.2241794e-02
   2.8448448e+01   1.1254441e-02
   2.8483483e+01  -8.0055347e-03
   2.8518519e+01  -5.5580842e-03
   2.8553554e+01   4.9748099e-03
   2.8588589e+01   2.4439277e-02
   2.8623624e+01  -8.4736711e-03
   2.8658659e+01   1.8867465e-02
   2.8693694e+01   5.8700098e-03
   2.8728729e+01  -7.9704595e-03
   2.8763764e+01   8.5942698e-03
   2.8798799e+01   3.1637297e-03
   2.8833834e+01  -3.7604250e-03
   2.8868869e+01  -3.4386545e-03
   2.8903904e+01  -1.9588079e-02
   2.8938939e+01  -6.8849995e-04
   2.8973974e+01   6.2205076e-03
   2.9009009e+01   3.5518714e-03
   2.9044044e+01  -2.4190613e-03
   2.9079079e+01   1.1544756e-02
   2.9114114e+01  -3.0762479e-03
   2.9149149e+01   7.0400396e-03
   2.9184184e+01  -1.0702249e-02
   2.9219219e+01  -1.0610825e-03
   2.9254254e+01   3.7261997e-03
   2.9289289e+01   8.0693981e-03
   2.9324324e+01   1.2381269e-03
   2.9359359e+01   4.2767260e-03
   2.9394394e+01   1.3400356e-02
   2.9429429e+01   1.3275376e-02
   2.9464464e+01  -4.8035348e-03
   2.9499499e+01   3.1680912e-03
   2.9534535e+01   1.6289588e-02
   2.9569570e+01   2.4802924e-03
   2.9604605e+01   1.1198241e-03
   2.9639640e+01   1.4987601e-02
   2.9674675e+01   9.7139804e-03
   2.9709710e+01  -5.7825733e-03
   2.9744745e+01   8.2055425e-04
   2.9779780e+01  -1.0463618e-02
   2.9814815e+01  -1.7152759e-03
   2.9849850e+01   9.7529967e-03
   2.9884885e+01  -1.2119999e-02
   2.9919920e+01   1.0971768e-02
   2.9954955e+01  -3.0921415e-03
   2.9989990e+01  -6.2291466e-03
   3.0025025e+01  -6.6042762e-03
   3.0060060e+01  -2.0562644e-02
   3.0095095e+01  -2.1290090e-04
   3.0130130e+01  -1.0795935e-02
   3.0165165e+01  -1.6072225e-02
   3.0200200e+01   6.6454465e-04
   3.0235235e+01  -5.1655212e-03
   3.0270270e+01  -3.2881927e-03
   3.0305305e+01   1.9416699e-03
   3.0340340e+01   2.3384750e-03
   3.0375375e+01  -2.8110170e-03
   3.0410410e+01  -2.1678365e-03
   3.0445445e+01  -3.2980224e-03
   3.0480480e+01  -1.8883053e-03
   3.0515516e+01  -8.6839652e-03
   3.0550551e+01  -1.2408601e-02
   3.0585586e+01  -1.0591447e-02
   3.0620621e+01   5.9354495e-03
   3.0655656e+01   7.0665915e-04
   3.0690691e+01   9.6463181e-03
   3.0725726e+01   1.2443021e-02
   3.0760761e+01  -6.9983757e-03
   3.0795796e+01  -9.9325329e-03
   3.0830831e+01  -1.7976596e-02
   3.0865866e+01  -1.4857195e-03
   3.0900901e+01   7.5339974e-03
   3.0935936e+01   1.5598727e-02
   3.0970971e+01   1.3731032e-03
   3.1006006e+01  -4.0398111e-03
   3.1041041e+01   2.8067872e-03
   3.1076076e+01  -7.6182498e-03
   3.1111111e+01   1.5014051e-03
   3.1146146e+01  -2.1719350e-04
   3.1181181e+01  -1.1797443e-02
   3.1216216e+01  -2.7812119e-03
   3.1251251e+01   5.2044092e-03
   3.1286286e+01   1.4821618e-02
   3.1321321e+01   6.0737569e-03
   3.1356356e+01   1.9992128e-02
   3.1391391e+01  -6.3732253e-03
   3.1426426e+01   2.4099407e-03
   3.1461461e+01  -1.1135540e-03
   3.1496496e+01   2.0264368e-03
   3.1531532e+01  -1.0215626e-02
   3.1566567e+01  -4.9049366e-04
   3.1601602e+01  -2.6137780e-03
   3.1636637e+01  -3.1965798e-03
   3.1671672e+01  -3.1102214e-03
   3.1706707e+01  -2.0541520e-03
   3.1741742e+01   6.1330286e-04
   3.1776777e+01   1.3480095e-02
   3.1811812e+01  -3.2731558e-03
   3.1846847e+01   4.6061694e-04
   3.1881882e+01  -1.5959031e-02
   3.1916917e+01   2.3675359e-03
   3.1951952e+01   1.3107956e-03
   3.1986987e+01  -5.9702734e-03
   3.2022022e+01   4.1982450e-03
   3.2057057e+01  -2.3738757e-03
   3.2092092e+01  -2.2252829e-03
   3.2127127e+01  -1.0806699e-02
   3.2162162e+01   9.2555365e-03
   3.2197197e+01  -8.7436278e-03
   3.2232232e+01   1.5538444e-03
   3.2267267e+01   1.6617808e-03
   3.2302302e+01   7.6536133e-03
   3.2337337e+01   7.8567487e-03
   3.2372372e+01  -1.3089896e-02
   3.2407407e+01   1.3364676e-02
   3.2442442e+01   6.1904501e-03
   3.2477477e+01  -9.0424790e-03
   3.2512513e+01  -9.4469864e-03
   3.2547548e+01  -3.6481118e-03
   3.2582583e+01  -4.9147130e-03
   3.2617618e+01   1.0095559e-02
   3.2652653e+01   1.0623901e-02
   3.2687688e+01   2.5473804e-03
   3.2722723e+01   1.0694994e-02
   3.2757758e+01   1.5266131e-03
   3.2792793e+01   1.3691494e-02
   3.2827828e+01   1.2608639e-02
   3.2862863e+01  -1.2268078e-02
   3.2897898e+01   8.7794356e-03
   3.2932933e+01   4.0932912e-03
   3.2967968e+01  -1.7868915e-03
   3.3003003e+01   8.8167428e-03
   3.3038038e+01  -4.0958480e-03
   3.3073073e+01  -5.2562725e-03
   3.3108108e+01   6.0640408e-03
   3.3143143e+01  -6.6284894e-04
   3.3178178e+01   1.3496807e-03
   3.3213213e+01   1.1863758e-02
   3.3248248e+01  -4.5671260e-03
   3.3283283e+01   2.8027222e-03
   3.3318318e+01   8.0597539e-03
   3.3353353e+01  -1.1272410e-02
   3.3388388e+01   1.4065151e-03
   3.3423423e+01  -1.3213139e-03
   3.3458458e+01   4.9450915e-03
   3.3493493e+01   2.9903316e-03
   3.3528529e+01   6.5843973e-04
   3.3563564e+01  -7.8492636e-03
   3.3598599e+01   9.5958017e-03
   3.3633634e+01   1.5288343e-02
   3.3668669e+01   5.2804356e-03
   3.3703704e+01   8.8072094e-03
   3.3738739e+01   8.3440694e-04
   3.3773774e+01  -3.5946742e-03
   3.3808809e+01   2.1532890e-03
   3.3843844e+01  -1.5182340e-02
   3.3878879e+01   1.6934902e-02
   3.3913914e+01   9.6451256e-03
   3.3948949e+01  -1.7990237e-02
   3.3983984e+01  -1.2792753e-02
   3.4019019e+01   6.0866624e-03
   3.4054054e+01  -1.2793396e-03
   3.4089089e+01   2.3806023e-05
   3.4124124e+01  -1.5695416e-02
   3.4159159e+01   1.5786447e-03
   3.4194194e+01   2.1268533e-03
   3.4229229e+01   6.6702515e-03
   3.4264264e+01  -1.4410034e-02
   3.4299299e+01   1.0517539e-02
   3.4334334e+01  -1.0303540e-02
   3.4369369e+01   9.1575167e-04
   3.4404404e+01   1.5441408e-02
   3.4439439e+01   1.3601109e-02
   3.4474474e+01   4.1859763e-03
   3.4509510e+01   1.0920990e-02
   3.4544545e+01  -1.1225867e-02
   3.4579580e+01   8.5382335e-03
   3.4614615e+01   9.4318862e-03
   3.4649650e+01  -9.9982059e-03
   3.4684685e+01   1.6814748e-03
   3.4719720e+01   2.8872902e-02
   3.4754755e+01   9.9051956e-03
   3.4789790e+01   1.2734163e-02
   3.4824825e+01   6.3538322e-03
   3.4859860e+01  -1.1296949e-02
   3.4894895e+01  -1.8709700e-02
   3.4929930e+01  -5.2448431e-04
   3.4964965e+01  -9.8822314e-03
   3.5000000e+01  -1.4171792e-02
