17010248	25.52	24.63	138.27	2.72	
17013240	25.52	28.00	138.52	2.46	
17016192	25.52	24.80	125.64	2.69	
17019172	25.52	24.63	137.40	2.71	
17022136	25.52	24.63	138.27	2.72	
17025136	25.52	24.67	138.53	2.72	
17028100	25.52	24.63	138.65	2.73	
17031072	25.52	24.63	139.04	2.73	
17034048	25.52	24.63	139.31	2.74	
17037044	25.52	27.96	139.57	2.49	
17039996	25.52	24.83	126.82	2.71	
17042952	25.52	24.63	138.32	2.73	
17045924	25.52	24.63	139.29	2.74	
17048920	25.52	24.66	139.56	2.74	
17051904	25.52	28.15	139.70	2.48	
17054880	25.52	24.63	126.34	2.73	
17057836	25.52	24.63	139.30	2.74	
17060820	25.52	24.66	139.55	2.74	
17063772	25.52	24.63	139.69	2.75	
17066768	25.52	24.63	140.07	2.75	
17069768	25.52	24.63	140.33	2.76	
17072720	25.52	28.19	140.60	2.49	
17075676	25.52	24.63	126.97	2.75	
17078696	25.52	24.63	140.07	2.75	
17081652	25.52	28.15	140.33	2.49	
17084604	25.52	24.66	126.86	2.74	
17087596	25.52	24.63	139.68	2.75	
17090576	25.52	24.63	140.05	2.75	
17093556	25.52	28.11	140.32	2.49	
17096520	25.52	24.70	127.00	2.74	
17099496	25.52	24.63	139.56	2.75	
17102460	25.52	24.63	140.06	2.75	
17105448	25.52	24.63	140.32	2.76	
17108420	25.52	24.66	140.57	2.76	
17111392	25.52	28.15	140.71	2.50	
17114372	25.52	24.63	127.36	2.75	
17117348	25.52	24.63	140.32	2.76	
17120360	25.52	27.96	140.58	2.51	
17123296	25.52	24.83	127.82	2.73	
17126252	25.52	24.63	139.33	2.75	
17129284	25.52	27.96	140.31	2.50	
17132220	25.52	24.83	127.56	2.73	
17135208	25.52	24.63	139.06	2.75	
17138168	25.52	24.63	140.05	2.75	
17141148	25.52	28.15	140.31	2.49	
17144104	25.52	24.66	126.83	2.74	
17147100	25.52	24.63	139.66	2.75	
17150080	25.52	28.15	140.04	2.48	
17153032	25.52	24.63	126.56	2.74	
17156024	25.52	24.66	139.52	2.74	
17158992	25.52	28.15	139.65	2.48	
17161968	25.52	24.63	126.30	2.73	
17164944	25.52	24.63	139.25	2.74	
17167956	25.52	27.92	139.52	2.49	
17170896	25.52	24.87	126.92	2.71	
17173896	25.52	24.63	138.15	2.73	
17176864	25.52	28.04	139.26	2.47	
17179804	25.52	24.76	126.22	2.71	
17182800	25.52	24.63	138.25	2.73	
17185772	25.52	28.15	138.99	2.46	
17188740	25.52	24.63	125.51	2.72	
17191728	25.52	24.66	138.47	2.72	
17194696	25.52	28.15	138.61	2.46	
17197652	25.52	24.63	125.24	2.71	
17200648	25.52	24.63	138.21	2.72	
17203620	25.52	28.19	138.47	2.45	
17206572	25.52	24.63	124.84	2.70	
17209608	25.52	24.63	137.94	2.71	
17212552	25.52	28.15	138.20	2.45	
17215524	25.52	24.66	124.73	2.70	
17218496	25.52	24.63	137.56	2.70	
17221480	25.52	28.07	137.93	2.45	
17224452	25.52	24.70	124.76	2.69	
17227420	25.52	24.66	137.18	2.70	
17230376	25.52	24.60	137.56	2.71	
17233348	25.52	24.67	138.07	2.71	
17236332	25.52	24.63	138.07	2.71	
17239324	25.52	24.66	138.46	2.72	
17242300	25.52	28.15	138.59	2.46	
17245280	25.52	24.63	125.24	2.71	
17248244	25.52	24.63	138.19	2.71	
17251244	25.52	27.96	138.45	2.46	
17254196	25.52	24.83	125.71	2.69	
17257148	25.52	24.63	137.21	2.71	
17260124	25.52	24.63	138.19	2.71	
17263144	25.52	24.67	138.45	2.72	
17266096	25.52	28.15	138.58	2.46	
17269076	25.52	24.63	125.23	2.71	
17272052	25.52	24.63	138.19	2.71	
17275056	25.52	28.00	138.45	2.46	
17278000	25.52	24.80	125.56	2.69	
17280968	25.52	24.63	137.33	2.71	
17283944	25.52	24.63	138.19	2.71	
17286920	25.52	24.66	138.45	2.72	
17289876	25.52	24.63	138.59	2.72	
17292872	25.52	24.63	138.97	2.73	
17295848	25.52	28.15	139.23	2.47	
17298800	25.52	24.66	125.75	2.72	
17301780	25.52	24.63	138.58	2.72	
17304752	25.52	24.63	138.96	2.73	
17307748	25.52	24.63	139.22	2.73	
17310728	25.52	24.67	139.48	2.74	
17313696	25.52	24.63	139.60	2.75	
17316672	25.52	28.15	140.00	2.48	
17319628	25.52	24.63	126.52	2.73	
17322620	25.52	24.66	139.48	2.74	
17325600	25.52	28.15	139.61	2.48	
17328548	25.52	24.63	126.24	2.73	
17331544	25.52	24.63	139.21	2.73	
17334560	25.52	28.00	139.47	2.48	
17337500	25.52	24.80	126.57	2.71	
17340456	25.52	24.63	138.34	2.73	
17343472	25.52	24.63	139.20	2.73	
17346424	25.52	28.19	139.46	2.47	
17349392	25.52	24.63	125.83	2.72	
17352372	25.52	24.63	138.94	2.73	
17355368	25.52	24.63	139.20	2.73	
17358344	25.52	24.66	139.46	2.74	
17361332	25.52	27.96	139.60	2.49	
17364276	25.52	24.80	126.96	2.72	
17367256	25.52	24.63	138.60	2.73	
17370224	25.52	24.66	139.46	2.74	
17373200	25.52	28.15	139.59	2.48	
17376156	25.52	24.63	126.23	2.73	
17379124	25.52	24.63	139.19	2.73	
17382144	25.52	24.66	139.46	2.74	
17385096	25.52	28.15	139.59	2.48	
17388060	25.52	24.57	126.23	2.73	
17391052	25.52	24.70	139.45	2.73	
17394020	25.52	28.19	139.21	2.47	
17396988	25.52	24.63	125.83	2.72	
17400008	25.52	24.63	138.92	2.73	
17402952	25.52	28.15	139.18	2.46	
17405900	25.52	24.66	125.71	2.72	
17408896	25.52	24.63	138.54	2.72	
17411872	25.52	28.15	138.92	2.46	
17414828	25.52	24.63	125.44	2.71	
17417840	25.52	24.66	138.40	2.72	
17420796	25.52	28.15	138.53	2.45	
17423792	25.52	24.63	125.17	2.71	
17426748	25.52	28.15	138.14	2.44	
17429708	25.52	24.66	124.65	2.70	
17432736	25.52	24.63	137.49	2.70	
17435680	25.52	28.15	137.87	2.44	
17438648	25.52	24.63	124.40	2.69	
17441600	25.52	24.66	137.35	2.70	
17444592	25.52	24.63	137.49	2.70	
17447592	25.52	27.96	137.87	2.45	
17450552	25.52	24.76	125.13	2.68	
17453500	25.52	24.70	136.89	2.69	
17456520	25.52	24.63	137.36	2.70	
17459476	25.52	28.15	137.87	2.44	
17462460	25.52	24.63	124.40	2.69	
17465424	25.52	24.66	137.35	2.70	
17468396	25.52	28.15	137.49	2.43	
17471368	25.52	24.63	124.13	2.69	
17474348	25.52	28.15	137.09	2.42	
17477320	25.52	24.66	123.61	2.68	
17480276	25.52	24.63	136.44	2.68	
17483252	25.52	24.63	136.82	2.69	
17486228	25.52	24.63	137.08	2.69	
17489240	25.52	24.66	137.35	2.70	
17492200	25.52	28.15	137.48	2.43	
17495156	25.52	24.63	124.12	2.69	
17498128	25.52	24.63	137.08	2.69	
17501124	25.52	24.66	137.34	2.70	
17504096	25.52	24.63	137.47	2.70	
17507072	25.52	24.63	137.86	2.71	
17510048	25.52	24.63	138.12	2.71	
17513024	25.52	28.15	138.38	2.45	
17515996	25.52	24.66	124.89	2.70	
17518948	25.52	24.63	137.73	2.71	
17521948	25.52	24.63	138.11	2.71	
17524960	25.52	24.66	138.37	2.72	
17527904	25.52	28.15	138.51	2.45	
17530852	25.52	24.63	125.15	2.71	
17533848	25.52	24.63	138.11	2.71	
17536840	25.52	24.66	138.37	2.72	
17539820	25.52	27.96	138.50	2.47	
17542768	25.52	24.80	125.87	2.70	
17545732	25.52	24.63	137.50	2.71	
17548720	25.52	24.66	138.37	2.72	
17551696	25.52	24.63	138.50	2.72	
17554680	25.52	24.63	138.88	2.73	
17557652	25.52	24.63	139.14	2.73	
17560656	25.52	24.66	139.40	2.74	
17563596	25.52	28.15	139.54	2.47	
17566556	25.52	24.63	126.18	2.73	
17569544	25.52	24.63	139.14	2.73	
17572520	25.52	24.66	139.40	2.74	
17575520	25.52	24.63	139.53	2.74	
17578472	25.52	28.15	139.92	2.48	
17581448	25.52	24.63	126.44	2.73	
17584432	25.52	24.66	139.40	2.74	
17587384	25.52	24.63	139.54	2.74	
17590376	25.52	24.63	139.92	2.75	
17593352	25.52	28.15	140.18	2.48	
17596300	25.52	24.66	126.70	2.74	
17599296	25.52	24.63	139.53	2.74	
17602272	25.52	28.15	139.91	2.48	
17605248	25.52	24.63	126.43	2.73	
17608204	25.52	24.66	139.39	2.74	
17611192	25.52	24.63	139.52	2.74	
17614196	25.52	27.96	139.91	2.49	
17617140	25.52	24.80	127.15	2.72	
17620108	25.52	24.66	138.79	2.74	
17623136	25.52	24.63	139.52	2.74	
17626072	25.52	28.15	139.91	2.48	
17629048	25.52	24.63	126.42	2.73	
17632020	25.52	24.66	139.39	2.74	
17634972	25.52	24.63	139.52	2.74	
17637968	25.52	24.63	139.90	2.75	
17640956	25.52	28.15	140.16	2.48	
17643908	25.52	24.66	126.68	2.74	
17646900	25.52	24.63	139.51	2.74	
17649912	25.52	27.96	139.90	2.49	
17652852	25.52	24.80	127.15	2.72	
17655804	25.52	24.66	138.77	2.74	
17658816	25.52	24.63	139.51	2.74	
17661768	25.52	28.15	139.89	2.48	
17664724	25.52	24.63	126.42	2.73	
17667724	25.52	28.19	139.37	2.47	
17670684	25.52	24.57	125.75	2.73	
17673672	25.52	24.70	139.11	2.72	
17676648	25.52	28.15	138.87	2.46	
17679612	25.52	24.66	125.63	2.71	
17682596	25.52	24.63	138.46	2.72	
17685576	25.52	28.15	138.85	2.46	
17688544	25.52	24.63	125.36	2.71	
17691520	25.52	28.19	138.33	2.45	
17694496	25.52	24.63	124.70	2.70	
17697476	25.52	24.63	137.80	2.71	
17700448	25.52	24.63	138.06	2.71	
17703420	25.52	24.66	138.32	2.71	
17706404	25.52	28.11	138.45	2.46	
17709376	25.52	24.67	125.25	2.70	
17712328	25.52	24.63	137.93	2.71	
17715328	25.52	24.66	138.32	2.71	
17718304	25.52	28.15	138.45	2.45	
17721276	25.52	24.63	125.10	2.71	
17724248	25.52	24.63	138.05	2.71	
17727220	25.52	28.19	138.30	2.44	
17730192	25.52	24.63	124.69	2.70	
17733176	25.52	28.08	137.78	2.44	
17736124	25.52	24.70	124.59	2.69	
17739120	25.52	24.66	137.03	2.69	
17742112	25.52	28.04	137.40	2.44	
17745080	25.52	24.73	124.47	2.68	
17748052	25.52	24.63	136.64	2.69	
17751020	25.52	24.66	137.26	2.69	
17753972	25.52	24.63	137.40	2.70	
17756948	25.52	24.63	137.78	2.71	
17759944	25.52	24.63	138.04	2.71	
17762920	25.52	24.66	138.30	2.71	
17765900	25.52	28.15	138.43	2.45	
17768852	25.52	24.63	125.07	2.71	
17771848	25.52	24.63	138.03	2.71	
17774856	25.52	27.96	138.29	2.46	
17777808	25.52	24.80	125.54	2.69	
17780776	25.52	24.66	137.17	2.70	
17783732	25.52	24.63	137.91	2.71	
17786700	25.52	24.66	138.29	2.71	
17789696	25.52	24.63	138.42	2.72	
17792696	25.52	24.63	138.80	2.73	
17795648	25.52	28.15	139.07	2.46	
17798600	25.52	24.66	125.58	2.71	
17801616	25.52	24.63	138.42	2.72	
17804604	25.52	24.63	138.80	2.73	
17807584	25.52	28.08	139.07	2.47	
17810528	25.52	24.73	125.87	2.71	
17813500	25.52	24.63	138.17	2.72	
17816472	25.52	24.63	138.80	2.73	
17819484	25.52	27.96	139.06	2.48	
17822440	25.52	24.63	126.30	2.72	
17825396	25.52	24.83	138.59	2.71	
17828376	25.52	24.63	138.07	2.73	
17831344	25.52	24.63	139.06	2.73	
17834312	25.52	24.66	139.32	2.73	
17837284	25.52	24.63	139.45	2.74	
17840312	25.52	27.96	139.83	2.49	
17843256	25.52	24.80	127.08	2.72	
17846204	25.52	24.66	138.72	2.73	
17849196	25.52	24.63	139.45	2.74	
17852192	25.52	24.63	139.83	2.75	
17855148	25.52	28.15	140.10	2.48	
17858100	25.52	24.66	126.61	2.73	
17861096	25.52	24.63	139.45	2.74	
17864072	25.52	28.15	139.83	2.48	
17867036	25.52	24.63	126.35	2.73	
17870056	25.52	24.66	139.31	2.73	
17873032	25.52	27.96	139.44	2.49	
17875976	25.52	24.80	126.81	2.71	
17878936	25.52	24.63	138.44	2.73	
17881900	25.52	24.66	139.31	2.73	
17884896	25.52	24.63	139.44	2.74	
17887872	25.52	28.15	139.82	2.48	
17890828	25.52	24.63	126.35	2.73	
17893840	25.52	24.66	139.29	2.73	
17896792	25.52	28.15	139.44	2.47	
17899764	25.52	24.63	126.08	2.73	
17902728	25.52	24.63	139.04	2.73	
17905708	25.52	24.67	139.30	2.73	
17908696	25.52	24.63	139.42	2.74	
17911672	25.52	28.15	139.81	2.48	
17914628	25.52	24.63	126.34	2.73	
17917620	25.52	24.66	139.30	2.73	
17920596	25.52	28.15	139.43	2.47	
17923556	25.52	24.63	126.06	2.73	
17926568	25.52	24.63	139.03	2.73	
17929520	25.52	28.19	139.29	2.46	
17932504	25.52	24.63	125.66	2.72	
17935468	25.52	28.15	138.76	2.46	
17938456	25.52	24.63	125.28	2.71	
17941420	25.52	28.19	138.25	2.44	
17944372	25.52	24.63	124.63	2.70	
17947392	25.52	24.63	137.72	2.71	
17950344	25.52	28.15	137.97	2.44	
17953320	25.52	24.60	124.51	2.70	
17956276	25.52	24.70	137.59	2.70	
17959272	25.52	24.63	137.48	2.71	
17962256	25.52	28.15	137.98	2.44	
17965228	25.52	24.66	124.49	2.69	
17968180	25.52	24.63	137.33	2.70	
17971192	25.52	24.63	137.71	2.71	
17974144	25.52	28.15	137.97	2.44	
17977100	25.52	24.66	124.49	2.69	
17980104	25.52	24.63	137.33	2.70	
17983108	25.52	27.96	137.71	2.45	
17986048	25.52	24.80	124.96	2.68	
17989020	25.52	24.66	136.59	2.69	
17991976	25.52	24.63	137.33	2.70	
17994972	25.52	24.63	137.71	2.71	
17997952	25.52	28.15	137.97	2.44	
18000928	25.52	24.66	124.49	2.69	
18003876	25.52	24.63	137.32	2.70	
18006852	25.52	24.63	137.70	2.71	
18009884	25.52	27.96	137.96	2.46	
18012820	25.52	24.83	125.21	2.68	
18015776	25.52	24.57	136.71	2.71	
18018772	25.52	24.70	137.96	2.70	
18021724	25.52	24.63	137.72	2.71	
18024728	25.52	24.66	138.22	2.71	
18027736	25.52	28.00	138.35	2.46	
18030680	25.52	24.76	125.57	2.70	
18033648	25.52	24.63	137.47	2.71	
18036604	25.52	24.66	138.22	2.71	
18039572	25.52	24.63	138.35	2.72	
18042568	25.52	24.63	138.73	2.73	
18045568	25.52	24.63	138.99	2.73	
18048520	25.52	28.19	139.25	2.46	
18051496	25.52	24.63	125.62	2.72	
18054464	25.52	24.63	138.73	2.73	
18057452	25.52	24.63	138.99	2.73	
18060456	25.52	24.66	139.25	2.73	
18063400	25.52	28.15	139.39	2.47	
18066348	25.52	24.63	126.02	2.73	
18069352	25.52	24.63	138.99	2.73	
18072344	25.52	24.66	139.25	2.73	
18075296	25.52	24.63	139.38	2.74	
18078296	25.52	28.00	139.76	2.49	
18081252	25.52	24.76	126.86	2.72	
18084200	25.52	24.66	138.76	2.73	
18087200	25.52	24.63	139.38	2.74	
18090208	25.52	27.96	139.76	2.49	
18093152	25.52	24.80	127.00	2.72	
18096108	25.52	24.66	138.64	2.73	
18099096	25.52	24.63	139.37	2.74	
18102096	25.52	24.63	139.75	2.75	
18105080	25.52	24.63	140.02	2.75	
18108020	25.52	28.19	140.28	2.48	
18110980	25.52	24.63	126.65	2.74	
18113948	25.52	24.63	139.75	2.75	
18116972	25.52	27.96	140.01	2.50	
18119928	25.52	24.83	127.26	2.72	
18122900	25.52	24.63	138.77	2.74	
18125860	25.52	24.63	139.75	2.75	
18128880	25.52	24.63	140.02	2.75	
18131820	25.52	28.19	140.28	2.48	
18134772	25.52	24.63	126.65	2.74	
18137768	25.52	24.63	139.75	2.75	
18140744	25.52	28.15	140.01	2.48	
18143700	25.52	24.67	126.54	2.73	
18146696	25.52	24.63	139.35	2.74	
18149680	25.52	28.15	139.74	2.48	
18152652	25.52	24.63	126.27	2.73	
18155604	25.52	24.66	139.23	2.73	
18158600	25.52	24.63	139.36	2.74	
18161576	25.52	28.07	139.73	2.48	
18164544	25.52	24.70	126.56	2.73	
18167500	25.52	24.66	138.98	2.73	
18170496	25.52	24.63	139.35	2.74	
18173480	25.52	28.15	139.73	2.48	
18176432	25.52	24.63	126.25	2.73	
18179420	25.52	24.66	139.21	2.73	
18182400	25.52	28.15	139.34	2.47	
18185356	25.52	24.63	125.98	2.72	
18188384	25.52	24.63	138.94	2.73	
18191320	25.52	28.19	139.21	2.46	
18194276	25.52	24.63	125.58	2.72	
18197272	25.52	28.15	138.68	2.46	
18200228	25.52	24.63	125.21	2.71	
18203220	25.52	24.66	138.15	2.71	
18206192	25.52	28.15	138.29	2.45	
18209168	25.52	24.63	124.94	2.70	
18212152	25.52	28.08	137.89	2.45	
18215128	25.52	24.73	124.70	2.69	
18218080	25.52	24.63	137.00	2.70	
18221080	25.52	24.63	137.63	2.70	
18224048	25.52	24.63	137.89	2.71	
18227020	25.52	28.19	138.15	2.44	
18229972	25.52	24.63	124.52	2.70	
18232968	25.52	24.63	137.62	2.70	
18235952	25.52	28.11	137.88	2.44	
18238916	25.52	24.70	124.55	2.69	
18241876	25.52	24.63	137.11	2.70	
18244876	25.52	24.63	137.62	2.70	
18247884	25.52	24.63	137.88	2.71	
18250828	25.52	28.19	138.14	2.44	
18253772	25.52	24.63	124.51	2.70	
18256768	25.52	24.63	137.61	2.70	
18259768	25.52	28.04	137.87	2.45	
18262720	25.52	24.76	124.83	2.68	
18265676	25.52	24.63	136.86	2.70	
18268652	25.52	24.63	137.61	2.70	
18271648	25.52	24.63	137.87	2.71	
18274640	25.52	28.00	138.13	2.46	
18277600	25.52	24.80	125.23	2.69	
18280552	25.52	24.63	137.00	2.70	
18283552	25.52	24.63	137.86	2.71	
18286532	25.52	28.08	138.12	2.45	
18289500	25.52	24.73	124.93	2.69	
18292452	25.52	24.63	137.24	2.70	
18295444	25.52	24.63	137.86	2.71	
18298404	25.52	24.60	138.12	2.72	
18301376	25.52	24.70	138.51	2.71	
18304356	25.52	24.63	138.39	2.72	
18307348	25.52	24.63	138.90	2.73	
18310328	25.52	28.19	139.16	2.46	
18313284	25.52	24.63	125.53	2.72	
18316312	25.52	24.63	138.63	2.72	
18319248	25.52	24.63	138.89	2.73	
18322240	25.52	24.66	139.15	2.73	
18325196	25.52	28.15	139.29	2.47	
18328168	25.52	24.63	125.92	2.72	
18331124	25.52	24.63	138.89	2.73	
18334120	25.52	24.66	139.15	2.73	
18337104	25.52	28.08	139.28	2.47	
18340080	25.52	24.70	126.21	2.72	
18343036	25.52	24.63	138.64	2.73	
18346032	25.52	24.66	139.14	2.73	
18349008	25.52	28.04	139.28	2.48	
18351972	25.52	24.73	126.35	2.72	
18354932	25.52	24.63	138.52	2.73	
18357900	25.52	24.66	139.14	2.73	
18360896	25.52	24.63	139.27	2.74	
18363896	25.52	24.63	139.65	2.74	
18366852	25.52	28.15	139.92	2.48	
18369824	25.52	24.66	126.43	2.73	
18372780	25.52	24.63	139.27	2.74	
18375752	25.52	24.63	139.65	2.74	
18378744	25.52	24.63	139.91	2.75	
18381720	25.52	28.19	140.17	2.48	
18384676	25.52	24.63	126.54	2.74	
18387696	25.52	24.63	139.64	2.74	
18390648	25.52	28.15	139.91	2.48	
18393624	25.52	24.66	126.43	2.73	
18396572	25.52	24.63	139.26	2.74	
18399568	25.52	24.63	139.63	2.74	
18402552	25.52	28.15	139.90	2.48	
18405528	25.52	24.66	126.43	2.73	
18408504	25.52	24.63	139.25	2.74	
18411472	25.52	28.15	139.63	2.47	
18414444	25.52	24.63	126.16	2.73	
18417400	25.52	24.66	139.12	2.73	
18420416	25.52	24.63	139.25	2.74	
18423372	25.52	28.15	139.64	2.47	
18426344	25.52	24.63	126.16	2.73	
18429320	25.52	24.66	139.12	2.73	
18432304	25.52	28.15	139.25	2.47	
18435280	25.52	24.63	125.89	2.72	
18438288	25.52	24.63	138.85	2.73	
18441232	25.52	28.15	139.12	2.46	
18444192	25.52	24.66	125.63	2.72	
18447164	25.52	24.63	138.47	2.72	
18450144	25.52	24.63	138.85	2.73	
18453120	25.52	28.19	139.11	2.46	
18456084	25.52	24.63	125.48	2.72	
18459076	38.96	24.63	138.58	3.75	
18462052	38.96	28.15	191.33	3.57	
18465008	38.96	24.66	181.86	3.90	
18468004	38.96	28.15	198.66	3.71	
18470996	38.96	28.00	189.30	3.79	
18473960	38.96	28.22	193.11	3.83	
18476956	38.96	24.73	195.49	4.16	
18479900	38.96	28.15	212.34	3.98	
18482876	38.96	28.15	203.19	4.05	
18485884	38.96	24.63	206.41	4.38	
18488808	38.96	28.19	223.38	4.19	
18491800	38.96	24.63	213.72	4.53	
18494784	38.96	28.15	230.81	4.34	
18497760	38.96	28.15	221.32	4.40	
18500720	38.96	31.71	224.53	4.19	
18503712	38.96	28.15	213.83	4.51	
18506680	38.96	31.67	229.89	4.30	
18509656	38.96	28.15	219.37	4.61	
18512656	38.96	31.46	235.26	4.42	
18515600	38.96	28.38	225.57	4.70	
18518584	38.96	31.58	239.77	4.52	
18521584	38.96	28.23	230.41	4.82	
18524532	38.96	35.09	245.72	4.36	
18527512	38.96	31.80	222.11	4.63	
18530516	38.96	31.67	236.11	4.68	
18533464	38.96	31.67	238.76	4.72	
18536428	38.96	31.71	240.92	4.76	
18539432	38.96	31.67	242.90	4.81	
18542376	38.96	31.67	245.22	4.85	
18545348	38.96	35.19	247.39	4.62	
18548360	38.96	31.71	235.81	4.91	
18551332	38.96	35.19	250.52	4.69	
18554308	38.96	34.95	239.10	4.73	
18557256	38.96	31.88	241.15	4.99	
18560236	38.96	35.24	254.32	4.77	
18563204	38.96	35.19	243.33	4.80	
18566180	38.96	35.19	244.61	4.82	
18569148	38.96	35.19	245.74	4.84	
18572124	38.96	35.24	246.85	4.86	
18575140	38.96	38.50	247.79	4.63	
18578076	38.96	35.38	236.15	4.87	
18581056	38.96	38.66	248.47	4.64	
18584024	38.96	35.28	236.73	4.90	
18587020	38.96	38.71	250.01	4.66	
18590012	38.96	38.71	237.71	4.66	
18592956	38.96	35.19	237.80	4.93	
18595936	38.96	38.76	251.62	4.68	
18598908	38.96	38.71	238.78	4.69	
18601912	38.96	35.19	239.06	4.96	
18604908	38.96	42.06	252.87	4.45	
18607828	38.96	38.60	227.16	4.70	
18610808	38.96	39.02	239.74	4.67	
18613812	38.96	38.71	238.20	4.69	
18616784	38.96	38.71	239.42	4.70	
18619724	38.96	42.28	239.50	4.42	
18622740	38.96	38.71	225.61	4.68	
18625684	38.96	42.23	238.58	4.41	
18628692	38.96	38.71	224.92	4.66	
18631624	38.96	42.28	237.70	4.39	
18634640	38.96	41.94	223.81	4.39	
18637584	38.96	38.97	224.14	4.61	
18640584	38.96	42.00	234.87	4.37	
18643536	38.96	38.97	223.03	4.59	
18646536	38.96	42.23	233.97	4.34	
18649480	38.96	42.23	221.24	4.32	
18652460	38.96	42.23	220.27	4.30	
18655436	38.96	42.28	219.29	4.28	
18658412	38.96	42.23	218.10	4.26	
18661380	38.96	42.23	217.33	4.24	
18664352	38.96	42.23	216.36	4.22	
18667328	38.96	42.28	215.39	4.20	
18670304	38.96	42.23	214.20	4.18	
18673276	38.96	42.23	213.43	4.17	
18676284	38.96	42.23	212.46	4.15	
18679244	38.96	42.28	211.49	4.12	
18682220	38.96	42.23	210.30	4.11	
18685212	38.96	42.23	209.54	4.09	
18688188	38.96	42.23	208.56	4.07	
18691168	38.96	45.50	207.59	3.80	
18694104	38.96	42.51	193.84	3.99	
18697080	38.96	42.23	203.57	3.99	
18700056	38.96	42.23	203.63	3.97	
18703044	38.96	42.28	202.66	3.95	
18706044	38.96	42.23	201.47	3.94	
18708980	38.96	45.75	200.70	3.65	
18711952	38.96	42.23	186.00	3.88	
18714932	38.96	42.28	197.73	3.85	
18717916	38.96	42.23	196.53	3.84	
18720884	38.96	42.23	195.76	3.82	
18723868	38.96	42.23	194.79	3.80	
18726824	38.96	42.28	193.82	3.78	
18729800	38.96	42.23	192.63	3.76	
18732776	38.96	42.23	191.87	3.74	
18735764	38.96	42.23	190.91	3.72	
18738760	38.96	41.89	189.94	3.73	
18741760	38.96	39.07	190.29	3.93	
18744708	38.96	42.23	200.41	3.69	
18747660	38.96	42.23	188.07	3.67	
18750636	38.96	42.28	187.10	3.65	
18753612	38.96	42.23	185.90	3.63	
18756576	38.96	42.23	185.13	3.61	
18759552	38.96	42.23	184.17	3.59	
18762564	38.96	38.76	183.20	3.84	
18765532	38.96	42.23	195.77	3.57	
18768480	38.96	42.23	182.29	3.56	
18771452	38.96	42.23	181.32	3.54	
18774444	38.96	42.17	180.35	3.52	
18777440	38.96	38.81	179.60	3.76	
18780380	38.96	42.23	191.77	3.50	
18783356	38.96	42.23	178.47	3.48	
18786364	38.96	38.76	177.51	3.73	
18789336	38.96	42.23	190.07	3.46	
18792292	38.96	42.23	176.59	3.44	
18795260	38.96	38.71	175.62	3.69	
18798232	38.96	42.28	188.40	3.42	
18801240	38.96	38.60	174.51	3.68	
18804176	38.96	42.34	187.90	3.40	
18807152	38.96	42.23	173.41	3.39	
18810160	38.96	42.28	172.86	3.37	
18813168	38.96	38.71	171.66	3.62	
18816112	38.96	42.23	184.64	3.35	
18819056	38.96	42.23	170.97	3.33	
18822024	38.96	42.28	170.01	3.31	
18825004	38.96	38.71	168.82	3.56	
18827976	38.96	42.23	181.81	3.30	
18830988	38.96	38.71	168.14	3.55	
18833928	38.96	42.28	180.91	3.28	
18836912	38.96	38.71	167.04	3.53	
18839908	38.96	42.11	180.01	3.27	
18842864	38.96	38.81	166.78	3.50	
18845836	38.96	38.76	178.75	3.51	
18848864	38.96	38.45	178.98	3.53	
18851784	38.96	42.45	180.27	3.23	
18854756	38.96	38.76	164.78	3.49	
18857728	38.96	38.76	178.17	3.50	
18860708	38.96	38.71	178.25	3.50	
18863740	38.96	38.65	178.49	3.51	
18866688	38.96	38.76	178.78	3.50	
18869648	38.96	42.29	178.47	3.23	
18872612	38.96	38.71	164.75	3.49	
18875588	38.96	38.71	177.75	3.49	
18878564	38.96	38.71	177.82	3.49	
18881540	38.96	38.76	177.90	3.49	
18884516	38.96	38.61	177.77	3.50	
18887512	38.96	38.81	178.42	3.48	
18890488	38.96	34.95	177.73	3.78	
18893476	38.96	42.28	192.84	3.24	
18896456	38.96	35.43	165.42	3.75	
18899428	38.96	41.95	191.20	3.27	
18902372	38.96	35.43	166.78	3.75	
18905360	38.96	42.28	191.35	3.25	
18908316	38.96	38.71	165.64	3.50	
18911292	38.96	38.71	178.61	3.50	
18914260	38.96	38.71	178.68	3.50	
18917228	38.96	38.76	178.74	3.50	
18920208	38.96	38.71	178.63	3.51	
18923180	38.96	38.71	178.89	3.51	
18926156	38.96	38.71	178.97	3.51	
18929132	38.96	38.76	179.05	3.51	
18932108	38.96	38.71	178.90	3.51	
18935092	38.96	38.71	179.18	3.51	
18938084	38.96	38.71	179.26	3.52	
18941040	38.96	38.76	179.33	3.51	
18944012	38.96	38.71	179.19	3.52	
18946988	38.96	38.71	179.47	3.52	
18949964	38.96	38.71	179.54	3.52	
18952936	38.96	38.76	179.62	3.52	
18955908	38.96	38.71	179.49	3.52	
18958892	38.96	38.71	179.74	3.53	
18961860	38.96	38.71	179.83	3.53	
18964828	38.96	38.76	179.91	3.53	
18967812	38.96	38.71	179.78	3.53	
18970788	38.96	38.71	180.05	3.53	
18973764	38.96	38.71	180.10	3.53	
18976728	38.96	38.76	180.20	3.53	
18979708	38.96	38.71	180.07	3.54	
18982684	38.96	38.71	180.33	3.54	
18985660	38.96	38.71	180.41	3.54	
18988676	38.96	35.24	180.46	3.81	
18991604	38.96	38.71	194.12	3.56	
18994580	38.96	38.71	181.67	3.56	
18997568	38.96	38.71	181.75	3.57	
19000568	38.96	38.45	181.82	3.59	
19003564	38.96	38.76	182.91	3.57	
19006484	38.96	35.42	181.83	3.82	
19009460	38.96	38.71	194.94	3.59	
19012432	38.96	38.76	183.14	3.59	
19015408	38.96	38.71	183.03	3.59	
19018380	38.96	38.71	183.30	3.60	
19021388	38.96	38.55	183.37	3.61	
19024380	38.96	35.38	184.05	3.85	
19027340	38.96	38.71	196.57	3.62	
19030312	38.96	38.71	184.62	3.62	
19033260	38.96	35.19	184.71	3.89	
19036236	38.96	38.76	198.53	3.64	
19039208	38.96	38.71	185.71	3.65	
19042216	38.96	38.55	185.97	3.66	
19045204	38.96	35.33	186.66	3.91	
19048184	38.96	38.76	199.36	3.67	
19051108	38.96	38.71	187.05	3.67	
19054140	38.96	38.71	187.30	3.67	
19057060	38.96	38.71	187.39	3.68	
19060032	38.96	38.76	187.47	3.67	
19063012	38.96	38.71	187.34	3.68	
19066012	38.96	35.19	187.61	3.95	
19068964	38.96	38.71	201.42	3.70	
19071928	38.96	38.76	188.78	3.70	
19074956	38.96	35.19	188.68	3.97	
19077884	38.96	38.71	202.69	3.73	
19080860	38.96	38.71	190.07	3.73	
19083836	38.96	38.65	190.15	3.73	
19086812	38.96	38.82	190.43	3.72	
19089780	38.96	38.71	189.89	3.73	
19092764	38.96	38.71	190.36	3.73	
19095788	38.96	38.76	190.43	3.73	
19098744	38.96	38.71	190.31	3.74	
19101724	38.96	42.06	190.57	3.48	
19104664	38.96	35.33	177.55	3.98	
19107628	38.96	38.76	202.91	3.74	
19110632	38.96	38.71	190.60	3.74	
19113580	38.96	38.71	190.87	3.74	
19116584	38.96	38.71	190.94	3.75	
19119560	38.96	35.23	191.00	4.01	
19122556	38.96	41.95	204.67	3.52	
19125520	38.96	35.19	179.54	4.02	
19128464	38.96	42.51	205.04	3.48	
19131440	38.96	38.76	177.58	3.75	
19134408	38.96	38.71	191.16	3.75	
19137380	38.96	38.71	191.44	3.76	
19140356	38.96	38.71	191.52	3.76	
19143344	38.96	42.17	191.59	3.49	
19146316	38.96	38.71	178.13	3.74	
19149284	38.96	38.81	190.71	3.73	
19152312	38.96	38.71	190.38	3.74	
19155272	38.96	38.45	190.84	3.76	
19158248	38.96	42.34	191.90	3.47	
19161224	38.96	35.38	176.88	3.98	
19164216	38.96	38.71	203.06	3.75	
19167128	38.96	38.76	191.13	3.75	
19170156	38.96	41.95	191.00	3.50	
19173116	38.96	38.71	178.60	3.73	
19176064	38.96	38.97	190.37	3.71	
19179032	38.96	38.76	189.42	3.73	
19182008	38.96	38.71	190.24	3.73	
19185020	38.96	41.94	190.48	3.49	
19187968	38.96	38.97	177.94	3.70	
19190936	38.96	38.76	188.66	3.71	
19193916	38.96	38.71	189.46	3.72	
19196920	38.96	38.71	189.74	3.72	
19199892	38.96	38.71	189.82	3.72	
19202832	38.96	38.76	189.90	3.72	
19205808	38.96	38.71	189.77	3.73	
19208788	38.96	38.71	190.01	3.73	
19211764	38.96	38.60	190.11	3.74	
19214740	38.96	38.86	190.59	3.72	
19217716	38.96	38.71	189.68	3.73	
19220708	38.96	38.71	190.32	3.73	
19223668	38.96	38.71	190.38	3.73	
19226680	38.96	38.76	190.47	3.73	
19229600	38.96	42.23	190.34	3.47	
19232580	38.96	38.71	176.86	3.72	
19235556	38.96	38.71	189.64	3.72	
19238528	38.96	38.76	189.72	3.72	
19241520	38.96	38.71	189.59	3.72	
19244492	38.96	38.71	189.86	3.72	
19247460	38.96	38.71	189.91	3.73	
19250436	38.96	38.76	190.01	3.72	
19253412	38.96	38.71	189.88	3.73	
19256420	38.96	38.71	190.14	3.73	
19259364	38.96	38.71	190.22	3.73	
19262328	38.96	38.76	190.28	3.73	
19265308	38.96	38.71	190.17	3.73	
19268308	38.96	42.17	190.43	3.47	
19271256	38.96	38.76	176.97	3.71	
19274232	38.96	38.76	189.35	3.71	
19277268	38.96	38.71	189.41	3.72	
19280208	38.96	41.95	189.67	3.47	
19283168	38.96	38.97	177.09	3.68	
19286136	38.96	38.76	187.84	3.70	
19289116	38.96	38.71	188.66	3.70	
19292084	38.96	38.71	188.92	3.71	
19295060	38.96	38.71	189.00	3.71	
19298028	38.96	38.76	189.05	3.70	
19301008	38.96	38.71	188.94	3.71	
19304008	38.96	41.89	189.21	3.47	
19306956	38.96	39.02	176.85	3.67	
19309964	38.96	38.76	187.18	3.69	
19312916	38.96	38.71	188.19	3.70	
19315924	38.96	38.71	188.46	3.70	
19318864	38.96	42.23	188.53	3.43	
19321828	38.96	38.76	174.86	3.68	
19324804	38.96	38.71	187.44	3.68	
19327796	38.96	42.23	187.70	3.41	
19330760	38.96	38.71	174.02	3.66	
19333728	38.96	38.76	186.81	3.66	
19336708	38.96	38.71	186.68	3.67	
19339684	38.96	38.71	186.95	3.67	
19342712	38.96	38.45	187.00	3.69	
19345664	38.96	42.22	188.11	3.40	
19348620	38.96	39.02	173.52	3.63	
19351588	38.96	38.71	185.06	3.65	
19354556	38.96	38.71	186.25	3.65	
19357528	38.96	38.76	186.34	3.65	
19360508	38.96	38.71	186.22	3.66	
19363536	38.96	38.71	186.48	3.66	
19366488	38.96	41.89	186.54	3.42	
19369456	38.96	39.07	174.21	3.61	
19372432	38.96	38.50	184.33	3.66	
19375416	38.96	38.92	186.54	3.63	
19378356	38.96	35.19	185.03	3.91	
19381388	38.96	38.76	199.62	3.66	
19384308	38.96	38.71	186.80	3.67	
19387340	38.96	38.71	187.06	3.67	
19390304	38.96	38.71	187.14	3.67	
19393248	38.96	42.23	187.22	3.40	
19396200	38.96	38.76	173.53	3.65	
19399180	38.96	38.71	186.12	3.65	
19402192	38.96	38.71	186.38	3.66	
19405164	38.96	38.76	186.46	3.65	
19408116	38.96	38.71	186.31	3.66	
19411092	38.96	38.71	186.59	3.66	
19414068	38.96	38.71	186.67	3.66	
19417044	38.96	38.76	186.75	3.66	
19420008	38.96	38.71	186.60	3.66	
19422984	38.96	38.71	186.88	3.67	
19425956	38.96	38.71	186.96	3.67	
19428940	38.96	38.65	187.03	3.67	
19431904	38.96	38.82	187.31	3.66	
19434884	38.96	38.71	186.77	3.67	
19437868	38.96	38.71	187.24	3.67	
19440840	38.96	38.76	187.32	3.67	
19443836	38.96	38.71	187.19	3.68	
19446780	38.96	38.71	187.46	3.68	
19449812	38.96	38.71	187.51	3.68	
19452764	38.96	38.76	187.61	3.68	
19455704	38.96	42.22	187.48	3.41	
19458684	38.96	38.71	174.01	3.66	
19461660	38.96	38.71	186.76	3.66	
19464680	38.96	38.76	186.85	3.66	
19467660	38.96	38.71	186.73	3.67	
19470640	38.96	38.71	186.99	3.67	
19473616	38.96	38.71	187.07	3.67	
19476588	38.96	41.94	187.12	3.42	
19479536	38.96	35.47	174.58	3.90	
19482496	38.96	42.23	198.94	3.40	
19485460	38.96	38.71	173.60	3.65	
19488428	38.96	38.76	186.39	3.65	
19491404	38.96	38.71	186.26	3.66	
19494408	38.96	38.71	186.53	3.66	
19497372	38.96	42.23	186.60	3.39	
19500344	38.96	38.76	172.92	3.64	
19503316	38.96	38.71	185.50	3.64	
19506292	38.96	38.71	185.77	3.64	
19509268	38.96	38.71	185.82	3.65	
19512232	38.96	38.76	185.92	3.64	
19515204	38.96	38.71	185.79	3.65	
19518180	38.96	38.71	186.05	3.65	
19521156	38.96	38.71	186.13	3.65	
19524136	38.96	38.76	186.19	3.65	
19527108	38.96	38.71	186.08	3.65	
19530084	38.96	38.71	186.34	3.66	
19533068	38.96	38.71	186.42	3.66	
19536068	38.96	42.17	186.50	3.39	
19539012	38.96	38.81	173.03	3.63	
19541980	38.96	38.71	185.21	3.64	
19544968	38.96	38.71	185.66	3.64	
19547932	38.96	38.76	185.74	3.64	
19550908	38.96	38.71	185.59	3.64	
19553920	38.96	38.60	185.87	3.65	
19556852	38.96	35.28	186.35	3.91	
19559832	38.96	38.76	199.42	3.67	
19562812	38.96	38.71	186.94	3.67	
19565788	38.96	38.71	187.21	3.67	
19568764	38.96	38.71	187.26	3.67	
19571788	38.96	38.76	187.36	3.67	
19574716	38.96	38.71	187.23	3.68	
19577688	38.96	42.23	187.49	3.41	
19580664	38.96	38.71	173.81	3.66	
19583628	38.96	38.76	186.60	3.66	
19586612	38.96	38.71	186.47	3.66	
19589580	38.96	38.71	186.74	3.66	
19592556	38.96	38.71	186.79	3.66	
19595592	38.96	38.45	186.89	3.69	
19598508	38.96	35.47	187.97	3.92	
19601492	38.96	38.71	199.73	3.69	
19604460	38.96	38.71	188.15	3.69	
19607428	38.96	38.76	188.23	3.69	
19610404	38.96	38.71	188.08	3.69	
19613384	38.96	38.71	188.36	3.69	
19616388	38.96	38.71	188.44	3.70	
19619328	38.96	38.76	188.51	3.69	
19622308	38.96	38.71	188.39	3.70	
19625332	38.96	41.94	188.63	3.45	
19628272	38.96	38.97	176.08	3.66	
19631232	38.96	38.76	186.81	3.68	
19634212	38.96	38.71	187.63	3.68	
19637208	38.96	41.94	187.87	3.44	
19640160	38.96	38.97	175.33	3.65	
19643132	38.96	38.76	186.06	3.66	
19646120	38.96	38.71	186.85	3.67	
19649092	38.96	38.65	187.14	3.67	
19652056	38.96	38.76	187.42	3.67	
19655032	38.96	38.76	187.10	3.67	
19658012	38.96	38.71	187.16	3.67	
19661040	38.96	38.45	187.41	3.70	
19663988	38.96	42.28	188.51	3.41	
19666936	38.96	38.97	173.70	3.64	
19669916	38.96	38.71	185.65	3.66	
19672884	38.96	38.71	186.65	3.66	
19675860	38.96	38.71	186.75	3.66	
19678832	38.96	38.76	186.82	3.66	
19681808	38.96	38.71	186.70	3.67	
19684780	38.96	38.71	186.94	3.67	
19687788	38.96	38.71	187.03	3.67	
19690736	38.96	38.76	187.11	3.67	
19693732	38.96	38.71	186.98	3.67	
19696692	38.96	38.71	187.25	3.67	
19699660	38.96	38.71	187.30	3.67	
19702632	38.96	38.76	187.40	3.67	
19705648	38.96	41.94	187.27	3.43	
19708584	38.96	38.97	174.89	3.64	
19711564	38.96	38.65	185.60	3.66	
19714532	38.96	38.81	186.84	3.65	
19717512	38.96	38.71	186.33	3.66	
19720512	38.96	35.19	186.78	3.93	
19723520	38.96	38.71	200.60	3.69	
19726440	38.96	38.76	187.98	3.68	
19729436	38.96	38.71	187.83	3.69	
19732380	38.96	38.71	188.12	3.69	
19735356	38.96	38.71	188.19	3.69	
19738328	38.96	38.76	188.27	3.69	
19741340	38.96	38.71	188.14	3.69	
19744316	38.96	38.71	188.38	3.70	
19747260	38.96	38.71	188.48	3.70	
19750228	38.96	38.76	188.56	3.69	
19753236	38.96	42.23	188.43	3.43	
19756188	38.96	38.71	174.93	3.68	
19759164	38.96	38.71	187.72	3.68	
19762128	38.96	38.76	187.79	3.68	
19765112	38.96	38.71	187.67	3.68	
19768132	38.96	35.18	187.91	3.96	
19771060	38.96	38.71	201.77	3.71	
19774032	38.96	38.76	189.12	3.71	
19777008	38.96	38.71	189.01	3.71	
19779980	38.96	38.71	189.27	3.71	
19782992	38.96	38.71	189.35	3.71	
19785988	38.96	38.76	189.43	3.71	
19788936	38.96	42.22	189.28	3.45	
19791892	38.96	38.71	175.82	3.70	
19794892	38.96	38.71	188.59	3.70	
19797880	38.96	38.76	188.65	3.70	
19800800	38.96	42.22	188.54	3.43	
19803780	38.96	38.71	175.07	3.68	
19806768	38.96	38.71	187.82	3.68	
19809760	38.96	38.76	187.91	3.68	
19812756	38.96	41.94	187.79	3.44	
19815724	38.96	38.71	175.41	3.67	
19818700	38.96	38.97	187.14	3.65	
19821668	38.96	38.45	186.21	3.69	
19824636	38.96	39.02	188.24	3.65	
19827580	38.96	38.71	186.16	3.67	
19830556	38.96	38.71	187.37	3.67	
19833528	38.96	38.76	187.42	3.67	
19836508	38.96	38.71	187.31	3.68	
19839484	38.96	38.71	187.58	3.68	
19842492	38.96	38.71	187.65	3.68	
19845436	38.96	42.29	187.73	3.41	
19848412	38.96	38.71	173.83	3.66	
19851388	38.96	38.71	186.82	3.66	
19854364	38.96	38.71	186.90	3.67	
19857328	38.96	38.76	186.95	3.66	
19860340	38.96	38.71	186.85	3.67	
19863288	38.96	38.71	187.11	3.67	
19866260	38.96	38.71	187.19	3.67	
19869236	38.96	38.76	187.26	3.67	
19872208	38.96	38.71	187.11	3.67	
19875180	38.96	38.71	187.40	3.68	
19878196	38.96	38.71	187.47	3.68	
19881132	38.96	38.76	187.55	3.67	
19884116	38.96	38.71	187.42	3.68	
19887120	38.96	38.71	187.66	3.68	
19890096	38.96	42.00	187.76	3.43	
19893044	38.96	38.76	174.98	3.66	
19896036	38.96	38.92	186.71	3.65	
19899024	38.96	35.19	186.17	3.94	
19901956	38.96	38.71	200.75	3.69	
19904968	38.96	38.76	188.13	3.69	
19907940	38.96	38.71	188.00	3.69	
19910892	38.96	38.71	188.27	3.69	
19913868	38.96	38.71	188.34	3.69	
19916832	38.96	38.76	188.40	3.69	
19919808	38.96	38.71	188.29	3.70	
19922816	38.96	38.71	188.55	3.70	
19925756	38.96	38.71	188.63	3.70	
19928728	38.96	38.76	188.69	3.70	
19931732	38.96	42.05	188.58	3.45	
19934684	38.96	38.86	175.76	3.67	
19937660	38.96	38.71	187.31	3.68	
19940636	38.96	38.76	187.93	3.68	
19943612	38.96	38.71	187.82	3.69	
19946588	38.96	38.71	188.08	3.69	
19949556	38.96	38.71	188.16	3.69	
19952564	38.96	38.76	188.24	3.69	
19955516	38.96	38.71	188.09	3.69	
19958484	38.96	38.71	188.37	3.70	
19961460	38.96	38.71	188.45	3.70	
19964476	38.96	41.95	188.52	3.45	
19967404	38.96	39.02	175.94	3.66	
19970380	38.96	38.71	186.48	3.68	
19973364	38.96	38.71	187.69	3.68	
19976368	38.96	38.76	187.77	3.68	
19979312	38.96	42.22	187.62	3.42	
19982292	38.96	38.71	174.17	3.67	
19985260	38.96	38.71	186.94	3.67	
19988228	38.96	38.76	187.01	3.66	
19991208	38.96	38.71	186.87	3.67	
19994188	38.96	38.65	187.15	3.68	
19997152	38.96	38.76	187.43	3.67	
20000140	38.96	38.76	187.11	3.67	
20003116	38.96	38.71	187.15	3.68	
20006092	38.96	38.71	187.44	3.68	
20009096	38.96	38.71	187.51	3.68	
20012068	38.96	42.23	187.59	3.41	
20015004	38.96	38.76	173.91	3.66	
20018016	38.96	38.71	186.49	3.66	
20020956	38.96	38.71	186.75	3.66	
20023984	38.96	38.76	186.83	3.66	
20026940	38.96	42.23	186.70	3.40	
20029912	38.96	35.19	173.21	3.92	
20032908	38.96	41.94	199.73	3.42	
20035832	38.96	35.47	174.47	3.90	
20038820	38.96	38.71	198.84	3.67	
20041788	38.96	38.71	187.26	3.67	
20044760	38.96	38.71	187.31	3.67	
20047756	38.96	38.76	187.41	3.67	
20050740	38.96	38.50	187.28	3.69	
20053712	38.96	38.92	188.35	3.66	
20056660	38.96	38.71	186.84	3.68	
20059628	38.96	38.76	187.69	3.68	
20062608	38.96	38.71	187.57	3.68	
20065588	38.96	38.71	187.83	3.68	
20068612	38.96	41.95	187.91	3.44	
20071540	38.96	39.02	175.32	3.64	
20074516	38.96	38.71	185.86	3.67	
20077488	38.96	38.71	187.07	3.67	
20080460	38.96	38.71	187.14	3.67	
20083460	38.96	38.45	187.20	3.69	
20086452	38.96	35.47	188.30	3.92	
20089392	38.96	38.71	200.07	3.70	
20092356	38.96	38.71	188.48	3.70	
20095328	38.96	38.76	188.56	3.69	
20098316	38.96	38.71	188.43	3.70	
20101320	38.96	38.71	188.68	3.70	
20104288	38.96	42.22	188.77	3.43	
20107228	38.96	38.76	175.11	3.68	
20110208	38.96	38.71	187.67	3.68	
20113180	38.96	38.71	187.92	3.69	
20116156	38.96	38.71	188.01	3.69	
20119128	38.96	38.76	188.09	3.69	
20122108	38.96	38.71	187.96	3.69	
20125136	38.96	38.71	188.21	3.69	
20128096	38.96	38.71	188.30	3.69	
20131044	38.96	42.28	188.38	3.42	
20134012	38.96	38.71	174.49	3.68	
20136988	38.96	38.71	187.45	3.68	
20139956	38.96	38.71	187.54	3.68	
20142960	38.96	38.76	187.62	3.68	
20145912	38.96	42.23	187.49	3.41	
20148916	38.96	38.71	174.00	3.66	
20151868	38.96	38.65	186.79	3.67	
20154836	38.96	38.81	187.07	3.66	
20157808	38.96	38.71	186.55	3.67	
20160788	38.96	38.71	186.98	3.67	
20163764	38.96	38.71	187.08	3.67	
20166736	38.96	38.76	187.15	3.67	
20169708	38.96	38.71	187.02	3.67	
20172740	38.96	38.71	187.29	3.67	
20175688	38.96	41.94	187.35	3.43	
20178632	38.96	39.02	174.80	3.63	
20181608	38.96	38.71	185.32	3.66	
20184584	38.96	38.71	186.53	3.66	
20187556	38.96	38.71	186.59	3.66	
20190532	38.96	38.76	186.69	3.66	
20193552	38.96	41.95	186.56	3.41	
20196524	38.96	38.71	174.16	3.65	
20199500	38.96	38.76	185.93	3.64	
20202432	38.96	35.43	185.80	3.90	
20205408	38.96	38.71	198.87	3.67	
20208380	38.96	38.71	187.11	3.67	
20211356	38.96	38.71	187.19	3.67	
20214340	38.96	38.65	187.24	3.68	
20217308	38.96	38.81	187.54	3.67	
20220284	38.96	38.71	187.02	3.68	
20223320	38.96	38.71	187.48	3.68	
20226276	38.96	38.76	187.55	3.67	
20229240	38.96	41.94	187.41	3.43	
20232188	38.96	38.92	175.05	3.65	
20235152	38.96	38.76	185.98	3.66	
20238132	38.96	38.76	186.61	3.66	
20241108	38.96	38.71	186.65	3.67	
20244116	38.96	38.45	186.93	3.69	
20247108	38.96	35.43	188.02	3.92	
20250032	38.96	38.76	199.97	3.69	
20253008	38.96	38.71	188.01	3.69	
20255988	38.96	38.71	188.28	3.69	
20259016	38.96	38.71	188.33	3.69	
20261936	38.96	38.76	188.43	3.69	
20264968	38.96	38.45	188.30	3.72	
20267912	38.96	42.23	189.57	3.43	
20270868	38.96	38.97	174.96	3.66	
20273828	38.96	38.76	186.73	3.68	
20276844	38.96	38.65	187.55	3.69	
20279776	38.96	38.76	188.01	3.68	
20282756	38.96	38.71	187.68	3.69	
20285784	38.96	41.94	187.96	3.44	
20288716	38.96	39.02	175.39	3.65	
20291692	38.96	38.71	185.92	3.67	
20294668	38.96	38.71	187.11	3.67	
20297640	38.96	38.76	187.20	3.67	
20300608	38.96	38.71	187.07	3.67	
20303580	38.96	38.71	187.34	3.67	
20306556	38.96	38.71	187.41	3.68	
20309536	38.96	38.76	187.47	3.67	
20312508	38.96	38.71	187.36	3.68	
20315516	38.96	38.71	187.62	3.68	
20318468	38.96	42.23	187.70	3.41	
20321432	38.96	38.76	174.02	3.66	
20324412	38.96	38.71	186.60	3.66	
20327440	38.96	38.71	186.87	3.67	
20330364	38.96	42.12	186.94	3.41	
20333332	38.96	38.86	173.71	3.64	
20336312	38.96	38.71	185.47	3.65	
20339288	38.96	38.71	186.11	3.65	
20342264	38.96	38.71	186.17	3.65	
20345272	38.96	38.45	186.26	3.67	
20348252	38.96	35.47	187.35	3.90	
20351240	38.96	38.71	199.11	3.68	
20354216	38.96	38.71	187.53	3.68	
20357168	38.96	42.23	187.61	3.41	
20360104	38.96	38.76	173.92	3.66	
20363088	38.96	38.71	186.51	3.66	
20366060	38.96	38.71	186.77	3.66	
20369028	38.96	38.76	186.85	3.66	
20372060	38.96	41.83	186.70	3.43	
20375008	38.96	35.52	174.77	3.89	
20377980	38.96	42.22	198.55	3.40	
20380964	38.96	35.24	173.40	3.92	
20383916	38.96	38.71	199.73	3.67	
20386892	38.96	38.71	187.26	3.67	
20389860	38.96	38.71	187.36	3.68	
20392864	38.96	38.76	187.44	3.67	
20395804	38.96	38.71	187.31	3.68	
20398812	38.96	38.71	187.57	3.68	
20401760	38.96	38.71	187.63	3.68	
20404728	38.96	38.76	187.72	3.68	
20407756	38.96	41.95	187.60	3.44	
20410712	38.96	35.18	175.20	3.94	
20413664	38.96	42.51	200.72	3.40	
20416640	38.96	38.76	173.22	3.66	
20419612	38.96	38.71	186.83	3.67	
20422584	38.96	38.71	187.10	3.67	
20425604	38.96	35.18	187.15	3.94	
20428528	38.96	38.76	201.01	3.69	
20431508	38.96	38.71	188.16	3.69	
20434484	38.96	38.65	188.44	3.70	
20437468	38.96	38.76	188.72	3.69	
20440436	38.96	38.76	188.40	3.69	
20443412	38.96	38.71	188.44	3.70	
20446392	38.96	38.71	188.73	3.70	
20449412	38.96	42.05	188.80	3.45	
20452336	38.96	38.92	175.80	3.67	
20455340	38.96	38.71	187.12	3.69	
20458284	38.96	38.71	187.97	3.69	
20461288	38.96	41.95	188.04	3.44	
20464236	38.96	39.02	175.46	3.65	
20467208	38.96	38.71	186.00	3.67	
20470180	38.96	38.71	187.21	3.67	
20473204	38.96	41.95	187.29	3.43	
20476172	38.96	38.71	174.70	3.66	
20479140	38.96	39.02	186.47	3.63	
20482092	38.96	38.71	185.32	3.66	
20485064	38.96	38.71	186.53	3.66	
20488028	38.96	38.76	186.61	3.66	
20491008	38.96	38.71	186.46	3.66	
20493980	38.96	38.71	186.74	3.66	
20496964	38.96	38.65	186.82	3.67	
20499972	38.96	42.00	187.10	3.41	
20502908	38.96	39.02	174.11	3.62	
20505892	38.96	38.71	184.85	3.65	
20508868	38.96	38.71	186.06	3.65	
20511864	38.96	38.76	186.14	3.65	
20514844	38.96	38.45	185.99	3.67	
20517824	38.96	38.81	187.28	3.65	
20520792	38.96	38.71	186.02	3.66	
20523736	38.96	38.92	186.47	3.64	
20526712	38.96	38.71	185.73	3.66	
20529684	38.96	38.71	186.54	3.66	
20532664	38.96	38.71	186.63	3.66	
20535628	38.96	38.76	186.71	3.66	
20538612	38.96	38.71	186.58	3.66	
20541588	38.96	38.71	186.85	3.66	
20544564	38.96	38.71	186.90	3.67	
20547528	38.96	38.76	187.00	3.66	
20550512	38.96	38.71	186.87	3.67	
20553488	38.96	38.71	187.13	3.67	
20556468	38.96	38.71	187.21	3.67	
20559480	38.96	38.45	187.27	3.69	
20562400	38.96	35.47	188.37	3.92	
20565380	38.96	38.71	200.13	3.70	
20568364	38.96	38.71	188.54	3.70	
20571364	38.96	38.76	188.62	3.70	
20574364	38.96	38.71	188.49	3.70	
20577288	38.96	42.22	188.74	3.43	
20580260	38.96	38.71	175.10	3.68	
20583236	38.96	38.76	187.87	3.68	
20586208	38.96	38.71	187.72	3.69	
20589180	38.96	38.71	188.00	3.69	
20592212	38.96	38.71	188.08	3.69	
20595184	38.96	38.76	188.15	3.69	
20598164	38.96	38.71	188.03	3.69	
20601092	38.96	38.71	188.27	3.69	
20604068	38.96	38.71	188.37	3.69	
20607064	38.96	38.76	188.44	3.69	
20610020	38.96	38.71	188.32	3.70	
20613016	38.96	38.71	188.58	3.70	
20615956	38.96	38.71	188.64	3.70	
20618928	38.96	38.76	188.73	3.70	
20621960	38.96	38.71	188.60	3.70	
20624912	38.96	41.95	188.87	3.46	
20627864	38.96	38.97	176.29	3.67	
20630832	38.96	38.76	187.03	3.68	
20633812	38.96	38.71	187.85	3.69	
20636784	38.96	42.23	188.11	3.42	
20639764	38.96	38.71	174.44	3.67	
20642728	38.96	38.76	187.23	3.67	
20645720	38.96	42.23	187.10	3.40	
20648692	38.96	38.71	173.60	3.65	
20651664	38.96	38.71	186.39	3.66	
20654632	38.96	38.76	186.47	3.65	
20657608	38.96	38.71	186.34	3.66	
20660580	38.96	38.71	186.58	3.66	
20663616	38.96	38.71	186.68	3.66	
20666560	38.96	42.28	186.76	3.39	
20669516	38.96	38.71	172.87	3.64	
20672484	38.96	38.71	185.82	3.65	
20675460	38.96	38.71	185.92	3.65	
20678428	38.96	38.76	186.00	3.64	
20681404	38.96	38.71	185.87	3.65	
20684380	38.96	38.71	186.13	3.65	
20687356	38.96	38.71	186.19	3.65	
20690328	38.96	38.76	186.28	3.65	
20693360	38.96	38.71	186.16	3.66	
20696320	38.96	38.71	186.42	3.66	
20699320	38.96	38.71	186.50	3.66	
20702268	38.96	38.76	186.55	3.66	
20705256	38.96	38.45	186.44	3.68	
20708208	38.96	42.23	187.72	3.39	
20711180	38.96	38.97	173.11	3.62	
20714128	38.96	38.76	184.87	3.64	
20717116	38.96	38.60	185.69	3.65	
20720116	38.96	38.81	186.36	3.64	
20723060	38.96	38.71	185.65	3.65	
20726036	38.96	38.76	186.09	3.65	
20729016	38.96	38.71	185.98	3.65	
20732020	38.96	34.95	186.24	3.94	
20735020	38.96	38.97	200.98	3.66	
20737928	38.96	38.76	186.49	3.67	
20740908	38.96	38.71	187.31	3.68	
20743916	38.96	38.71	187.55	3.68	
20746904	38.96	41.94	187.65	3.43	
20749836	38.96	39.02	175.08	3.64	
20752808	38.96	38.71	185.60	3.66	
20755788	38.96	38.71	186.79	3.66	
20758764	38.96	38.71	186.89	3.67	
20761736	38.96	38.76	186.96	3.66	
20764716	38.96	38.71	186.84	3.67	
20767684	38.96	38.71	187.10	3.67	
20770664	38.96	38.71	187.16	3.67	
20773628	38.96	38.76	187.25	3.67	
20776608	38.96	38.71	187.12	3.67	
20779588	38.96	38.66	187.39	3.68	
20782556	38.96	38.76	187.65	3.67	
20785580	38.96	41.94	187.35	3.43	
20788516	38.96	39.02	174.97	3.64	
20791492	38.96	38.71	185.49	3.66	
20794468	38.96	38.71	186.69	3.66	
20797428	38.96	38.76	186.78	3.66	
20800460	38.96	38.71	186.65	3.67	
20803376	38.96	42.23	186.92	3.40	
20806356	38.96	38.71	173.24	3.65	
20809328	38.96	38.76	186.03	3.65	
20812308	38.96	38.71	185.90	3.65	
20815284	38.96	38.71	186.17	3.65	
20818260	38.96	38.71	186.22	3.65	
20821284	38.96	38.76	186.32	3.65	
20824248	38.96	38.71	186.19	3.66	
20827216	38.96	42.17	186.45	3.39	
20830156	38.96	38.76	172.99	3.63	
20833128	38.96	38.76	185.37	3.64	
20836140	38.96	38.71	185.43	3.64	
20839084	38.96	38.71	185.69	3.64	
20842060	38.96	38.71	185.75	3.64	
20845028	38.96	38.76	185.85	3.64	
20848060	38.96	38.71	185.72	3.65	
20851008	38.96	42.06	185.98	3.39	
20853960	38.96	38.86	172.96	3.62	
20856936	38.96	38.76	184.53	3.63	
20859964	38.96	38.45	184.96	3.65	
20862880	38.96	35.43	186.24	3.89	
20865860	38.96	38.71	198.18	3.66	
20868828	38.96	38.76	186.43	3.65	
20871820	38.96	38.55	186.28	3.67	
20874808	38.96	38.86	187.17	3.65	
20877760	38.96	38.71	186.07	3.66	
20880728	38.96	38.76	186.71	3.66	
20883716	38.96	38.71	186.58	3.66	
20886692	38.96	38.71	186.83	3.67	
20889668	38.96	38.71	186.92	3.67	
20892656	38.96	38.76	187.00	3.66	
20895620	38.96	42.23	186.87	3.40	
20898584	38.96	38.71	173.38	3.65	
20901556	38.96	38.71	186.17	3.65	
20904528	38.96	38.76	186.24	3.65	
20907512	38.96	38.71	186.11	3.65	
20910512	38.96	35.18	186.36	3.93	
20913516	38.96	38.71	200.21	3.68	
20916432	38.96	38.76	187.56	3.68	
20919412	38.96	38.71	187.45	3.68	
20922388	38.96	38.71	187.71	3.68	
20925356	38.96	38.71	187.79	3.68	
20928332	38.96	38.76	187.87	3.68	
20931356	38.96	41.94	187.72	3.44	
20934284	38.96	38.92	175.36	3.65	
20937260	38.96	38.76	186.29	3.66	
20940232	38.96	38.76	186.90	3.67	
20943208	38.96	38.71	186.98	3.67	
20946188	38.96	38.71	187.24	3.67	
20949164	38.96	38.71	187.32	3.67	
20952164	38.96	38.76	187.39	3.67	
20955168	38.96	38.71	187.25	3.68	
20958116	38.96	41.94	187.53	3.43	
20961064	38.96	38.97	174.97	3.64	
20964028	38.96	38.76	185.70	3.66	
20967032	38.96	38.71	186.49	3.66	
20969980	38.96	38.71	186.78	3.66	
20973012	38.96	38.71	186.85	3.67	
20975964	38.96	38.76	186.93	3.66	
20978908	38.96	42.22	186.78	3.40	
20981924	38.96	38.71	173.33	3.65	
20984868	38.96	38.71	186.10	3.65	
20987836	38.96	38.76	186.17	3.65	
20990808	38.96	38.71	186.03	3.65	
20993780	38.96	38.71	186.31	3.65	
20996756	38.96	38.71	186.39	3.66	
20999740	38.96	38.65	186.46	3.66	
21002708	38.96	38.82	186.74	3.65	
21005684	38.96	38.71	186.20	3.66	
21008668	38.96	38.71	186.67	3.66	
21011684	38.96	41.95	186.75	3.41	
21014620	38.96	38.92	174.16	3.63	
21017580	38.96	38.81	185.11	3.64	
21020564	38.96	38.71	185.54	3.65	
21023528	38.96	38.76	185.99	3.64	
21026508	38.96	38.71	185.86	3.65	
21029488	38.96	38.71	186.11	3.65	
21032512	38.96	38.71	186.20	3.65	
21035432	38.96	38.76	186.28	3.65	
21038408	38.96	38.71	186.15	3.66	
21041420	38.96	38.71	186.42	3.66	
21044364	38.96	38.71	186.47	3.66	
21047336	38.96	38.76	186.57	3.66	
21050312	38.96	38.71	186.44	3.66	
21053288	38.96	38.71	186.70	3.66	
21056264	38.96	38.71	186.78	3.66	
21059260	38.96	38.76	186.83	3.66	
21062212	38.96	38.60	186.73	3.67	
21065180	38.96	38.81	187.40	3.66	
21068188	38.96	42.12	186.69	3.41	
21071144	38.96	38.76	173.82	3.65	
21074148	38.96	38.60	186.00	3.66	
21077136	38.96	35.38	186.67	3.91	
21080060	38.96	38.71	199.37	3.68	
21083028	38.96	38.76	187.44	3.67	
21086008	38.96	38.71	187.31	3.68	
21089016	38.96	38.71	187.56	3.68	
21091956	38.96	38.71	187.65	3.68	
21094928	38.96	38.76	187.73	3.68	
21097908	38.96	38.71	187.60	3.68	
21100884	38.96	38.71	187.84	3.69	
21103912	38.96	42.05	187.94	3.43	
21106840	38.96	38.92	174.93	3.65	
21109812	38.96	38.71	186.27	3.67	
21112788	38.96	38.71	187.08	3.67	
21115756	38.96	38.71	187.18	3.67	
21118732	38.96	38.76	187.25	3.67	
21121764	38.96	38.71	187.13	3.67	
21124732	38.96	41.95	187.39	3.43	
21127688	38.96	35.19	174.80	3.93	
21130644	38.96	42.57	200.31	3.38	