0	39.90319311792028	119.31405890357604	4.459006458648226	0	0	
0.016635000007227063	39.91124110469063	119.33812309224221	8.72853332516771	0	0	
0.033339999994495884	39.91884281999802	119.36085288996225	12.72801535997449	0	0	
0.04975499998545274	39.926375711759405	119.38337689922326	16.65788007150762	0	0	
0.06666000001132488	39.93351947621777	119.40473738360504	20.351096149894847	0	0	
0.08333500000298955	39.9403876786847	119.425273913383	23.869001793699454	0	0	
0.09999499999685213	39.94704714505247	119.44518630385568	27.247249427353267	0	0	
0.11677500000223517	39.95333447505577	119.46398597385054	30.404695255956902	0	0	
0.13323000000673346	39.95948661402708	119.48238141076301	33.46269694199975	0	0	
0.14993499999400228	39.965409981672	119.50009280127769	36.37531578606853	0	0	
0.16662499998346902	39.97114637815622	119.51724513156837	39.16456403301731	0	0	
0.18338999999105	39.97661553938625	119.53359840493236	41.79301045071997	0	0	
0.19996500000706874	39.98223489505218	119.55040077287678	44.4615417895612	0	0	
0.21760999999241903	39.98735376635258	119.56570664852563	46.86048292714291	0	0	
0.23429500000202097	39.99232570587307	119.5805731852226	49.16061676581933	0	0	
0.251075000007404	39.9972447477258	119.59528155323797	51.40583706440504	0	0	
0.268259999982547	40.001957700998666	119.60937369826371	53.52648105860754	0	0	
0.28531000000657514	40.00625069819295	119.62221013765836	55.43004238506713	0	0	
0.3013799999898765	40.010434477347346	119.63472000550259	57.25891074271998	0	0	
0.31754499999806285	40.014663259309884	119.64736443570338	59.08029248215656	0	0	
0.3344050000014249	40.01866179234854	119.65932040135986	60.77525397247964	0	0	
0.35086999999475665	40.02257474680727	119.67102047953146	62.40750946705689	0	0	
0.36749000000418164	40.02639529358771	119.6824442506131	63.97478994009043	0	0	
0.3842249999870546	40.030179725408914	119.69376003478848	65.50053779011955	0	0	
0.40131499999552034	40.033684730668156	119.7042403089541	66.88803151056888	0	0	
0.4176349999906961	40.03719399426464	119.71473331592277	68.25248701623099	0	0	
0.4344500000006519	40.04037787037157	119.7242533856636	69.4670646773025	0	0	
0.45015499999863096	40.04362439903516	119.73396079206226	70.68313258262553	0	0	
0.46659999998519197	40.046862213032625	119.74364214084231	71.87232675115439	0	0	
0.48345500000868924	40.05000207321534	119.7530305990963	73.00190168009856	0	0	
0.5002549999917392	40.05304618924843	119.76213277391746	74.0740535544205	0	0	
0.5169849999947473	40.05603932224921	119.7710825049855	75.10564576274051	0	0	
0.5338699999847449	40.058866432932014	119.77953581471284	76.05838893924204	0	0	
0.5502350000024308	40.06189508141652	119.78859174020256	77.05655686698546	0	0	
0.568200000008801	40.064436384956416	119.79619046142156	77.87331296543411	0	0	
0.5836750000016764	40.06711035992796	119.80418588189629	78.71392709208557	0	0	
0.6003199999977369	40.069726271370634	119.81200768731007	79.51651057223188	0	0	
0.6169850000005681	40.072412584789184	119.82004000082713	80.32040244757275	0	0	
0.6344899999967311	40.074976617782696	119.82770668511264	81.06740037155208	0	0	
0.6515899999940302	40.079153216403306	119.84019508252894	82.25206204675317	0	0	
0.680064999993192	40.08161096923217	119.84754397976948	82.91741684232893	0	0	
0.6974350000091363	40.08391423146681	119.85443093653812	83.52326345299834	0	0	
0.7140549999894574	40.086236659010744	119.86137519926814	84.11725731083311	0	0	
0.7311399999889545	40.088850034995325	119.8691894234391	84.76630170519844	0	0	
0.750739999988582	40.091057383366135	119.8757895893145	85.2959001992652	0	0	
0.7676550000032876	40.09476178452971	119.88686607478085	86.15818930696643	0	0	
0.7965550000080839	40.09741603359437	119.89480251305814	86.7436296467118	0	0	
0.8178900000057183	40.09958126212049	119.90127673689133	87.2023471202351	0	0	
0.8356600000115577	40.10180850566281	119.90793639108031	87.65843255265358	0	0	
0.8542449999949895	40.10372232381021	119.91365887575704	88.03641339407231	0	0	
0.8704849999921862	40.1058591058607	119.92004804212482	88.44515104190904	0	0	
0.888875000004191	40.10784402801647	119.92598313404372	88.81110777851967	0	0	
0.9062249999842606	40.11102679266841	119.93549988043631	89.37761563605338	0	0	
0.9344399999827147	40.11443365995225	119.94568671341929	89.94916579068821	0	0	
0.9653199999884237	40.11647157093244	119.95178024658625	90.26907837230219	0	0	
0.9842199999839067	40.11829785204715	119.95724098783197	90.54435727960637	0	0	
1.001380000001518	40.1200687472662	119.96253612037572	90.80153847903962	0	0	
1.018210000009276	40.121668206706126	119.96731864485349	91.02541866991815	0	0	
1.0335750000085682	40.123454731369776	119.97266051081198	91.2671514240288	0	0	
1.0509000000020023	40.12513057193909	119.97767142158821	91.48530737261255	0	0	
1.0673200000019278	40.12680995411422	119.9826929220775	91.69599884654711	0	0	
1.0839299999934155	40.128485549931405	119.98770310102329	91.89844206832362	0	0	
1.100654999987455	40.13166611573661	119.99721327267065	92.26829178898213	0	0	
1.1326849999895785	40.13344587844067	120.0025349197749	92.46014334846353	0	0	
1.150904999987688	40.13630806246245	120.01109310187222	92.75577956312652	0	0	
1.1804600000032224	40.13831555706926	120.01709568740611	92.94890204965584	0	0	
1.201469999999972	40.1416808899516	120.0271583288736	93.25674483035552	0	0	
1.2370050000026822	40.14296503190717	120.03099802632524	93.36432547672318	0	0	
1.2507599999953527	40.14449674879478	120.03557799461029	93.48845756634792	0	0	
1.2672500000044238	40.14815636735133	120.04652057614081	93.77337422297073	0	0	
1.306879999989178	40.150651552231864	120.05398139850988	93.94905078384492	0	0	
1.3342699999921024	40.15334248164837	120.06202751426703	94.12592348531963	0	0	
1.3640599999926053	40.1550977849823	120.06727602570218	94.2329139636455	0	0	
1.3836599999922328	40.15658333242046	120.07171794327043	94.31912433308591	0	0	
1.4003349999838974	40.158063922462496	120.07614503778805	94.40153820793553	0	0	
1.417025000002468	40.159538937693526	120.08055546313018	94.48027900323947	0	0	
1.4337200000009034	40.16100336244281	120.08493422199992	94.55524582392485	0	0	
1.4503599999879953	40.16246802978889	120.08931370625541	94.62715303856888	0	0	
1.467065000004368	40.16392613242491	120.09367356145013	94.6957896793238	0	0	
1.4837549999938346	40.16537835365945	120.09801583073688	94.76133357326852	0	0	
1.500434999994468	40.16682362335642	120.10233731431454	94.82387617454495	0	0	
1.5170900000084657	40.16826693185064	120.10665293372341	94.88376299409705	0	0	
1.5337749999889638	40.1704807486728	120.11327244083755	94.97183117216875	0	0	
1.5594449999916833	40.172581649434996	120.11955431899578	95.05009456217331	0	0	
1.5839149999956135	40.1748349393088	120.12629185400799	95.1289515260842	0	0	
1.6102649999957066	40.17684790664979	120.13231080349867	95.19480726000732	0	0	
1.6338999999861699	40.17825947526675	120.13653151788141	95.23829390207912	0	0	
1.6505299999844283	40.18048006381182	120.14317127304297	95.30390459844463	0	0	
1.6767499999841675	40.182496466984	120.14920049597127	95.35963959901987	0	0	
1.7006399999954738	40.18475489673735	120.1559533996756	95.41840866651667	0	0	
1.7274749999924097	40.18669892445271	120.16176621361898	95.46567899670971	0	0	
1.7506449999928009	40.188918543075324	120.16840306862703	95.516609805066	0	0	
1.7771650000067893	40.1908843380743	120.17428096866391	95.5588197793163	0	0	
1.800714999990305	40.19225901668964	120.17839137869551	95.58666417718479	0	0	
1.817219999997178	40.19364956594501	120.18254924333738	95.61371832024348	0	0	
1.8339400000113528	40.19503356891297	120.18668753400384	95.63957305651667	0	0	
1.8506049999850802	40.19641568720511	120.19082018932377	95.66437277834072	0	0	
1.8672699999879114	40.19780303801244	120.19496849032456	95.68828800940189	0	0	
1.8840199999976903	40.19923496111974	120.19925006642463	95.71200161658663	0	0	
1.9013299999933224	40.20065765305162	120.20350404049782	95.73461086413506	0	0	
1.918550000002142	40.20195114908651	120.2073717074698	95.75434617939047	0	0	
1.934225000004517	40.20332778616968	120.21148797349254	95.77459160176268	0	0	
1.950924999982817	40.20471611953591	120.21563921243089	95.79422838180041	0	0	
1.9677849999861792	40.20607585929367	120.2197049539637	95.81272346333255	0	0	
1.9843150000087917	40.207432618212806	120.22376178252671	95.83048949662961	0	0	
2.0008249999955297	40.208799177664986	120.22784791554595	95.84772209599066	0	0	
2.01746999999159	40.21017391532223	120.231958502118	95.86441657179451	0	0	
2.0342299999902025	40.21153923391019	120.23604092484405	95.88038426807918	0	0	
2.050889999984065	40.21296357219225	120.2402998216492	95.89643598358526	0	0	
2.068284999986645	40.21427133443855	120.2442101458487	95.91061900331364	0	0	
2.0842699999921024	40.215627154881545	120.24826416828544	95.92481954504241	0	0	
2.1008549999969546	40.21699093079165	120.25234197826896	95.93860058613781	0	0	
2.11754999999539	40.21835900610722	120.25643264385313	95.95194023647842	0	0	
2.1343099999940023	40.21978401751646	120.26069355336776	95.96535113346295	0	0	
2.1517799999855924	40.221224713750175	120.26500136188784	95.97842297149005	0	0	
2.1694549999956507	40.22244081028247	120.2686375975359	95.98906115800656	0	0	
2.184385000000475	40.22378198540517	120.2726478291762	96.0004426467319	0	0	
2.20085999998264	40.22514023885619	120.27670912652103	96.01159295748093	0	0	
2.2175550000101794	40.22649279955166	120.28075340202582	96.02233411907991	0	0	
2.2341899999883026	40.22785148588097	120.28481599371486	96.0327777744512	0	0	
2.2509100000024773	40.230255057482175	120.29200288431677	96.05066561918207	0	0	
2.2805050000024494	40.231950825345656	120.29707337945615	96.06258566804223	0	0	
2.301405000005616	40.233319136045125	120.3011647488589	96.07183749926264	0	0	
2.31828000000678	40.23463489528361	120.30509898476879	96.08046589674437	0	0	
2.334514999995008	40.23597191364081	120.30909678731445	96.08898377705803	0	0	
2.3510200000018813	40.23731722370592	120.3131193827964	96.09731024919769	0	0	
2.3676350000023376	40.2386692126207	120.31716194862662	96.10544221285336	0	0	
2.3843399999896064	40.24113699446837	120.32454083351594	96.11987246887519	0	0	
2.414844999992056	40.242786826582744	120.32947397672316	96.12903865771379	0	0	
2.435254999989411	40.24507048042317	120.33630230266756	96.14131830448284	0	0	
2.4635199999902397	40.24675069421703	120.34132628977001	96.14996083472042	0	0	
2.4843300000065938	40.24896074280598	120.34793452953524	96.1609785193726	0	0	
2.5117150000005495	40.25079846003817	120.3534294657786	96.16977886979568	0	0	
2.5345000000088476	40.25214595984224	120.35745860877275	96.176028079649	0	0	
2.55121499998495	40.25449190174668	120.36447318150994	96.18666408311275	0	0	
2.580324999988079	40.25617604214554	120.36950890950689	96.19400906773339	0	0	
2.601235000009183	40.25841784908901	120.37621210954686	96.20353082509153	0	0	
2.629079999984242	40.260207469996296	120.38156323354629	96.21087622743497	0	0	
2.651320000004489	40.261537888648796	120.3855413023941	96.21619674109802	0	0	
2.667859999986831	40.26290330416666	120.3896240149491	96.22155687296906	0	0	
2.6848400000017136	40.26423616568427	120.39360938817853	96.2266932713911	0	0	
2.701419999997597	40.265589148342535	120.39765492538925	96.23181659945098	0	0	
2.71825499998522	40.26695340373067	120.40173416905422	96.23689411256669	0	0	
2.7352350000001024	40.26828033358711	120.4057018060948	96.24174994337697	0	0	
2.7517550000047777	40.269645858732204	120.40978484644488	96.24666805615186	0	0	
2.7687600000062957	40.2709977718775	120.41382718571766	96.25146037159607	0	0	
2.785600000002887	40.27233368153046	120.41782167314005	96.2561243792714	0	0	
2.8022449999989476	40.274753675136616	120.4250576669819	96.26445104086017	0	0	
2.8324049999937415	40.27634247859677	120.42980832914246	96.26977912702581	0	0	
2.852214999991702	40.27870294209155	120.43686632271263	96.27757106836968	0	0	
2.8816550000046846	40.28031104558008	120.44167469365647	96.28276088147113	0	0	
2.901719999994384	40.28165549279517	120.44569470914092	96.28703777657465	0	0	
2.918499999999767	40.28376701566518	120.45200834833626	96.29367794497894	0	0	
2.9448599999886937	40.28569280139248	120.45776661713005	96.29962895311051	0	0	
2.968909999995958	40.28806823232385	120.46486936465277	96.30685987528982	0	0	
2.998584999993909	40.28975418189972	120.46991050224818	96.31190244595868	0	0	
3.019655000010971	40.29194803199944	120.47647030710513	96.31838823004497	0	0	
3.0470799999893643	40.29366370606097	120.48160032352843	96.32338763834132	0	0	
3.068534999998519	40.29498238723086	120.48554329627036	96.32718983917934	0	0	
3.085029999987455	40.296325571645845	120.48955953587138	96.33103295584726	0	0	
3.1018350000085775	40.297656886487665	120.49354028440412	96.33481346358485	0	0	
3.11849500000244	40.29898113481484	120.49749990343622	96.33854697659177	0	0	
3.135069999989355	40.30032667951589	120.50152320050032	96.34231457254381	0	0	
3.151914999994915	40.301658769462904	120.50550626666579	96.34601958179564	0	0	
3.1685949999955483	40.30297581770887	120.50944435682148	96.34965950875088	0	0	
3.185089999984484	40.304312161530035	120.51344014244503	96.35333052131679	0	0	
3.2018300000054296	40.30564264961321	120.51741841889667	96.35696400703517	0	0	
3.2184999999881256	40.306970079846295	120.52138755210747	96.3605688329724	0	0	
3.2351349999953527	40.30830402922078	120.5253761781247	96.36417194222966	0	0	
3.2518550000095274	40.30963412561284	120.52935328338546	96.36774608279951	0	0	
3.268530000001192	40.3109799113661	120.53337730121686	96.37134452510406	0	0	
3.2854050000023562	40.31229911911125	120.53732184846514	96.37485500940956	0	0	
3.301949999993667	40.31362763910417	120.5412942401537	96.37837437945969	0	0	
3.3186149999964982	40.31496586552445	120.54529565491427	96.38190407903394	0	0	
3.3354049999907147	40.31637196624827	120.54950001981537	96.38559727436095	0	0	
3.353050000005169	40.317627201497835	120.55325328367226	96.38888032617149	0	0	
3.3688050000055227	40.3189758084383	120.55728573710168	96.39239492312663	0	0	
3.3857349999889266	40.32030225343747	120.56125192437635	96.39583896309045	0	0	
3.4023900000029244	40.32162725312145	120.56521379003141	96.39926726451817	0	0	
3.419029999990016	40.32297190637287	120.56923442158265	96.40273482878125	0	0	
3.4359199999889825	40.32431272156942	120.57324357701206	96.40618131001392	0	0	
3.4527649999945424	40.325733262878245	120.5774911205331	96.4098214593616	0	0	
3.470614999998361	40.327053266527315	120.58143804760414	96.41319341036485	0	0	
3.487204999983078	40.32837978736276	120.58540446163596	96.41657262855306	0	0	
3.5038800000038464	40.3296957219502	120.58933922185463	96.41991595762325	0	0	
3.520424999995157	40.331852758070966	120.59578894967491	96.425382395779	0	0	
3.547549999988405	40.333697910320915	120.60130611727566	96.43003993597326	0	0	
3.5707600000023376	40.33495485149604	120.6050644820001	96.43320273794598	0	0	
3.5865749999939	40.33630891721936	120.60911325767061	96.43660308448419	0	0	
3.6036149999999907	40.33764723692708	120.61311495136883	96.43995691921889	0	0	
3.6204600000055507	40.33898213213939	120.61710640552442	96.44329562572287	0	0	
3.6372649999975692	40.34030129507082	120.62105081877574	96.44658883328182	0	0	
3.653874999989057	40.341451879292826	120.62449116685093	96.44945614037347	0	0	
3.6683649999904446	40.34278806106597	120.62848646793663	96.45278108154295	0	0	
3.6851949999982025	40.34412518874269	120.63248459735723	96.45610292965652	0	0	
3.7020400000037625	40.345438659341966	120.63641199003449	96.45936090206142	0	0	
3.718590000004042	40.346753481081706	120.64034342274064	96.4626174417425	0	0	
3.735160000011092	40.34808234713915	120.64431684919262	96.4659041484939	0	0	
3.751909999991767	40.34940462672008	120.6482705815002	96.46917013449425	0	0	
3.768580000003567	40.35071913402455	120.65220107401721	96.47241274463443	0	0	
3.785154999990482	40.352042921329684	120.65615931455284	96.47567425685259	0	0	
3.8018499999889173	40.35336092098858	120.66010024951692	96.47891769342657	0	0	
3.818475000007311	40.35468898910112	120.6640712900434	96.48218225620028	0	0	
3.8352299999969546	40.35601681795855	120.66804161517604	96.4854427223975	0	0	
3.8519849999865983	40.3573249951788	120.6719531801842	96.48865163914923	0	0	
3.86849500000244	40.35866898640043	120.6759718322081	96.49194522647235	0	0	
3.8854599999904167	40.35998421869499	120.67990449250928	96.4951652865145	0	0	
3.9020650000020396	40.3612960493909	120.68382698173114	96.49837418117546	0	0	
3.918630000000121	40.36261398188882	120.68776771587798	96.50159528955051	0	0	
3.9352749999961816	40.36394157546461	120.69173733749784	96.5048373918448	0	0	
3.9520449999836273	40.36526220341843	120.69568613129502	96.50805998104066	0	0	
3.9687299999932293	40.366577056623235	120.69961765808446	96.51126611574442	0	0	
3.9853449999936856	40.367900775905106	120.70357569522456	96.51449161070956	0	0	
4.002074999996694	40.36922346806486	120.70753066117913	96.5177124355171	0	0	
4.0187950000108685	40.37053406052105	120.71144944795527	96.52090175073234	0	0	
4.035364999988815	40.37185232985482	120.71539118927095	96.52410780292657	0	0	
4.052035000000615	40.37508772367773	120.7250653015161	96.53197175296778	0	0	
4.0929550000000745	40.37713030370829	120.73117279555453	96.53692967994016	0	0	
4.118799999996554	40.37955591794265	120.73842559556932	96.54281284350567	0	0	
4.149499999999534	40.38107755437276	120.74297542239934	96.54650036010601	0	0	
4.168765000009444	40.384617311657195	120.75355960817846	96.55507441740106	0	0	
4.213589999999385	40.38634905490556	120.75873767288446	96.55926460164599	0	0	
4.235530000005383	40.38957894515727	120.76839532896742	96.56707618127871	0	0	
4.276459999993676	40.39161440151913	120.77448152260952	96.57199504639684	0	0	
4.302265000005718	40.39390953028732	120.78134415959775	96.57753895078575	0	0	
4.331369999999879	40.39555555508714	120.78626591859941	96.58151307482167	0	0	
4.352249999996275	40.39686704038071	120.79018737503787	96.5846785156234	0	0	
4.368889999983367	40.39818302336011	120.7941222799528	96.58785407503791	0	0	
4.385589999990771	40.39949365318471	120.79804117846378	96.59101601430257	0	0	
4.402224999997998	40.4008020835924	120.80195350052465	96.59417198122411	0	0	
4.418834999989485	40.402130368468946	120.80592518919458	96.59737519366871	0	0	
4.435700000001816	40.40343951804222	120.80983966162381	96.60053164597579	0	0	
4.452324999991106	40.40474686343961	120.81374873940844	96.60368317172922	0	0	
4.468930000002729	40.40605870302814	120.81767125521999	96.60684498024968	0	0	
4.48559500000556	40.407368738048085	120.82158837521273	96.6100019126518	0	0	
4.5022400000016205	40.408687986093845	120.82553304296337	96.61318054148892	0	0	
4.5190050000092015	40.411275662901176	120.83327042433285	96.6194144021797	0	0	
4.551895000011427	40.41262882645748	120.8373165024446	96.6226733192824	0	0	
4.569099999993341	40.4155689959033	120.84610786782251	96.62975337120426	0	0	
4.606490000005579	40.41661679005697	120.84924086454787	96.63227579503386	0	0	
4.619819999992615	40.417880961345894	120.85302084794883	96.63531884481647	0	0	
4.635905000002822	40.421626863679386	120.86422142556538	96.64433485345535	0	0	
4.683575000002747	40.42314544291859	120.86876211112556	96.64798884152434	0	0	
4.702909999992698	40.426220460315925	120.87795668374513	96.65538714533481	0	0	
4.742070000007516	40.4283534827844	120.88433460863185	96.66051804589553	0	0	
4.769245000003139	40.43078368765657	120.89160113505767	96.66636308784607	0	0	
4.80021499999566	40.43229765834302	120.89612804063955	96.67000396421508	0	0	
4.819515000010142	40.4335819193186	120.89996809397151	96.67309219471822	0	0	
4.8358899999875575	40.43492829873879	120.90399388691928	96.67632960813144	0	0	
4.853059999994002	40.43627482701996	120.90802012497446	96.6795671875591	0	0	
4.870235000009416	40.43750510031859	120.91169875040143	96.68252507763246	0	0	
4.885929999989457	40.43881236833538	120.91560759681121	96.68566792819651	0	0	
4.902609999990091	40.44011313827755	120.91949701340607	96.68879500036648	0	0	
4.919209999992745	40.44141603153959	120.92339277891415	96.69192702862783	0	0	
4.935839999991003	40.442728096843986	120.92731596963604	96.69508096279327	0	0	
4.952590000000782	40.44404032266078	120.93123964030414	96.69823514562681	0	0	
4.969344999990426	40.44653315165218	120.93869341835737	96.7042268829006	0	0	
5.001179999992019	40.44795312283967	120.94293925716543	96.70763965413917	0	0	
