14486988	2.73	2.73	23.71
14489172	2.73	2.73	28.41
14491360	2.73	2.73	23.72
14493596	2.73	2.73	28.40
14495812	2.73	2.73	23.72
14497992	2.73	2.73	23.67
14500220	2.73	2.73	28.46
14502416	2.73	2.73	23.67
14504624	2.73	2.73	23.71
14506860	2.73	2.73	28.36
14509064	2.73	2.73	23.75
14511260	2.73	2.73	23.67
14513492	2.73	2.73	28.35
14515692	2.73	2.73	23.76
14517880	2.73	2.73	23.71
14520132	2.73	2.73	23.67
14522324	2.73	2.73	28.46
14524520	2.73	2.73	23.67
14526720	2.73	2.73	23.71
14528956	2.73	2.73	28.41
14531164	2.73	2.73	23.72
14533352	2.73	2.73	23.67
14535584	2.73	2.73	23.72
14537800	2.73	2.73	28.40
14539992	2.73	2.73	23.72
14542192	2.73	2.73	23.67
14544444	2.73	2.73	23.72
14546636	2.73	2.73	28.40
14548824	2.73	2.73	23.72
14551032	2.73	2.73	23.67
14553264	2.73	2.73	28.46
14555456	2.73	2.73	23.67
14557664	2.73	2.73	23.71
14559904	2.73	2.73	28.25
14562100	2.73	2.73	23.84
14564304	2.73	2.73	23.67
14566508	2.73	2.73	23.71
14568756	2.73	2.73	28.15
14570948	2.73	2.73	23.93
14573136	2.73	2.73	23.67
14575344	2.73	2.73	23.71
14577596	2.73	2.73	23.67
14579808	2.73	2.73	28.20
14581996	2.73	2.73	23.89
14584184	2.73	2.73	23.71
14586392	2.73	2.73	23.67
14588600	2.73	2.73	23.71
14590852	2.73	2.73	23.67
14593048	2.73	2.73	28.45
14595256	2.73	2.73	23.67
14597460	2.73	2.73	23.71
14599656	2.73	2.73	23.67
14601864	2.73	2.73	23.71
14604072	2.73	2.73	23.67
14606280	2.73	2.73	23.71
14608536	2.73	2.73	28.25
14610740	2.73	2.73	23.62
14612940	2.73	2.73	23.89
14615128	2.73	2.73	23.71
14617344	2.73	2.73	23.67
14619568	2.73	2.73	23.71
14621756	2.73	2.73	23.67
14624004	2.73	2.73	23.71
14626212	2.73	2.73	23.67
14628404	2.73	2.73	28.45
14630592	2.73	2.73	23.67
14632800	2.73	2.73	23.71
14635020	2.73	2.73	23.67
14637268	2.73	2.73	23.71
14639452	2.73	2.73	28.41
14641640	2.73	2.73	23.71
14643856	2.73	2.73	23.67
14646064	2.73	2.73	28.46
14648292	2.73	2.73	23.67
14650488	2.73	2.73	23.72
14652696	2.73	2.73	23.67
14654932	2.73	2.73	28.46
14657112	2.73	2.73	23.67
14659364	2.73	2.73	23.72
14661556	2.73	2.73	28.40
14663752	2.73	2.73	23.72
14665952	2.73	2.73	28.41
14668176	2.73	2.73	23.71
14670376	2.73	2.73	23.67
14672604	2.73	2.73	28.45
14674792	2.73	2.73	23.67
14677028	2.73	2.73	23.71
14679240	2.73	2.73	28.41
14681424	2.73	2.73	23.71
14683652	2.73	2.73	28.41
14685840	2.73	2.73	23.72
14688088	2.73	2.73	28.15
14690264	2.73	2.73	23.93
14692476	2.73	2.73	23.67
14694700	2.73	2.73	28.46
14696896	2.73	2.73	23.62
14699120	2.73	2.73	28.51
14701312	2.73	2.73	23.67
14703564	2.73	2.73	23.71
14705740	2.73	2.73	28.41
14707944	2.73	2.73	23.71
14710172	2.73	2.73	28.41
14712368	2.73	2.73	23.72
14714596	2.73	2.73	28.35
14716792	2.73	2.73	23.76
14719052	2.73	2.73	23.67
14721224	2.73	2.73	28.46
14723416	2.73	2.73	23.67
14725644	2.73	2.73	28.46
14727832	2.73	2.73	23.67
14730060	2.73	2.73	23.71
14732276	2.73	2.73	28.41
14734468	2.73	2.73	23.71
14736700	2.73	2.73	28.30
14738888	2.73	2.73	23.71
14741112	2.73	2.73	23.76
14743324	2.73	2.73	28.46
14745512	2.73	2.73	23.67
14747768	2.73	2.73	28.25
14749936	2.73	2.73	23.84
14752144	2.73	2.73	23.72
14754372	2.73	2.73	28.41
14756560	2.73	2.73	23.71
14758776	2.73	2.73	23.67
14761008	2.73	2.73	28.46
14763196	2.73	2.73	23.67
14765400	2.73	2.73	23.71
14767636	2.73	2.73	28.41
14769828	2.73	2.73	23.71
14772032	2.73	2.73	23.67
14774248	2.73	2.73	28.36
14776480	2.73	2.73	23.75
14778664	2.73	2.73	23.71
14780896	2.73	2.73	23.63
14783100	2.73	2.73	28.51
14785296	2.73	2.73	23.67
14787504	2.73	2.73	23.72
14789772	2.73	2.73	23.46
14791940	2.73	2.73	28.72
14794136	2.73	2.73	23.67
14796380	2.73	2.73	23.72
14798572	2.73	2.73	28.40
14800784	2.73	2.73	23.72
14803020	2.73	2.73	23.67
14805208	2.73	2.73	28.46
14807392	2.73	2.73	23.67
14809620	2.73	2.73	23.71
14811836	2.73	2.73	28.41
14814024	2.73	2.73	23.71
14816232	2.73	2.73	23.67
14818464	2.73	2.73	28.45
14820676	2.73	2.73	23.67
14822864	2.73	2.73	23.67
14825096	2.73	2.73	23.72
14827308	2.73	2.73	28.36
14829516	2.73	2.73	23.75
14831708	2.73	2.73	23.71
14833912	2.73	2.73	23.67
14836172	2.73	2.73	28.20
14838356	2.73	2.73	23.88
14840564	2.73	2.73	23.72
14842752	2.73	2.73	23.67
14844964	2.73	2.73	23.71
14847176	2.73	2.73	23.67
14849420	2.73	2.73	23.71
14851612	2.73	2.73	28.41
14853820	2.73	2.73	23.72
14856036	2.73	2.73	23.67
14858224	2.73	2.73	23.72
14860440	2.73	2.73	23.67
14862640	2.73	2.73	23.71
14864876	2.73	2.73	23.67
14867080	2.73	2.73	28.20
14869292	2.73	2.73	23.88
14871500	2.73	2.73	23.72
14873712	2.73	2.73	23.67
14875916	2.73	2.73	23.71
14878120	2.73	2.73	23.67
14880320	2.73	2.73	23.71
14882572	2.73	2.73	28.15
14884764	2.73	2.73	23.93
14886980	2.73	2.73	23.67
14889160	2.73	2.73	23.71
14891376	2.73	2.73	23.67
14893620	2.73	2.73	28.15
14895812	2.73	2.73	23.93
14898020	2.73	2.73	23.72
14900236	2.73	2.73	23.67
14902432	2.73	2.73	23.72
14904652	2.73	2.73	28.40
14906840	2.73	2.73	23.72
14909056	2.73	2.73	23.67
14911284	2.73	2.73	28.46
14913480	2.73	2.73	23.67
14915688	2.73	2.73	23.72
14917932	2.73	2.73	28.20
14920112	2.73	2.73	23.88
14922312	2.73	2.73	23.67
14924540	2.73	2.73	28.46
14926736	2.73	2.73	23.67
14928972	2.73	2.73	23.71
14931172	2.73	2.73	28.41
14933360	2.73	2.73	23.71
14935596	2.73	2.73	28.41
14937784	2.73	2.73	23.72
14940032	2.73	2.73	28.15
14942204	2.73	2.73	23.93
14944444	2.73	2.73	23.67
14946644	2.73	2.73	28.46
14948832	2.73	2.73	23.67
14951060	2.73	2.73	28.46
14953256	2.73	2.73	23.67
14955484	2.73	2.73	28.45
14957676	2.73	2.73	23.67
14959924	2.73	2.73	23.71
14962116	2.73	2.73	28.41
14964304	2.73	2.73	23.72
14966532	2.73	2.73	28.40
14968728	2.73	2.73	23.72
14970960	2.73	2.73	28.40
14973144	2.73	2.73	23.72
14975372	2.73	2.73	23.67
14977576	2.73	2.73	28.46
14979792	2.73	2.73	23.67
14982004	2.73	2.73	28.45
14984196	2.73	2.73	23.67
14986424	2.73	2.73	28.46
14988616	2.73	2.73	23.67
14990860	2.73	2.73	23.71
14993044	2.73	2.73	28.41
14995264	2.73	2.73	23.72
14997476	2.73	2.73	28.40
14999672	2.73	2.73	23.72
15001892	2.73	2.73	28.41
15004088	2.73	2.73	23.71
15006296	2.73	2.73	23.67
15008524	2.73	2.73	28.45
15010712	2.73	2.73	23.67
15012972	2.73	2.73	23.71
15015156	2.73	2.73	28.41
15017344	2.73	2.73	23.71
15019572	2.73	2.73	23.67
15021780	2.73	2.73	28.46
15023976	2.73	2.73	23.67
15026228	2.73	2.73	23.72
15028416	2.73	2.73	28.40
15030600	2.73	2.73	23.72
15032852	2.73	2.73	23.67
15035044	2.73	2.73	28.46
15037232	2.73	2.73	23.67
15039460	2.73	2.73	23.72
15041680	2.73	2.73	28.41
15043864	2.73	2.73	23.71
15046088	2.73	2.73	23.62
15048296	2.73	2.73	28.51
15050516	2.73	2.73	23.67
15052704	2.73	2.73	23.71
15054968	2.73	2.73	28.15
15057140	2.73	2.73	23.93
15059344	2.73	2.73	23.67
15061544	2.73	2.73	23.71
15063772	2.73	2.73	28.41
15065980	2.73	2.73	23.71
15068180	2.73	2.73	23.67
15070424	2.73	2.73	28.20
15072612	2.73	2.73	23.88
15074800	2.73	2.73	23.72
15077036	2.73	2.73	23.67
15079244	2.73	2.73	28.46
15081432	2.73	2.73	23.67
15083648	2.73	2.73	23.72
15085900	2.73	2.73	23.67
15088100	2.73	2.73	28.36
15090292	2.73	2.73	23.75
15092480	2.73	2.73	23.72
15094696	2.73	2.73	23.67
15096944	2.73	2.73	28.25
15099132	2.73	2.73	23.85
15101340	2.73	2.73	23.71
15103536	2.73	2.73	23.67
15105768	2.73	2.73	23.72
15107952	2.73	2.73	23.67
15110188	2.73	2.73	23.72
15112400	2.73	2.73	28.41
15114604	2.73	2.73	23.71
15116812	2.73	2.73	23.67
15119000	2.73	2.73	23.72
15121216	2.73	2.73	23.67
15123424	2.73	2.73	23.72
15125660	2.73	2.73	23.67
15127860	2.73	2.73	28.46
15130076	2.73	2.73	23.62
15132284	2.73	2.73	23.76
15134472	2.73	2.73	23.67
15136680	2.73	2.73	23.72
15138936	2.73	2.73	28.15
15141140	2.73	2.73	23.67
15143332	2.73	2.73	23.93
15145520	2.73	2.73	23.71
15147760	2.73	2.73	23.67
15149980	2.73	2.73	23.50
15152176	2.73	2.73	28.67
15154384	2.73	2.73	23.71
15156576	2.73	2.73	23.67
15158820	2.73	2.73	23.71
15161012	2.73	2.73	28.41
15163200	2.73	2.73	23.71
15165416	2.73	2.73	23.67
15167648	2.73	2.73	28.45
15169836	2.73	2.73	23.67
15172048	2.73	2.73	23.62
15174272	2.73	2.73	28.51
15176464	2.73	2.73	23.72
15178672	2.73	2.73	23.67
15180904	2.73	2.73	28.46
15183096	2.73	2.73	23.67
15185348	2.73	2.73	23.46
15187532	2.73	2.73	28.71
15189720	2.73	2.73	23.72
15191956	2.73	2.73	28.41
15194148	2.73	2.73	23.71
15196376	2.73	2.73	28.41
15198560	2.73	2.73	23.71
15200796	2.73	2.73	23.67
15203004	2.73	2.73	28.45
15205192	2.73	2.73	23.67
15207420	2.73	2.73	28.46
15209636	2.73	5.00	23.67
15211856	2.73	5.00	28.46
15214100	2.73	5.00	23.67
15216304	2.73	5.00	32.90
15218468	2.73	5.00	28.67
15220696	2.73	5.00	28.46
15222912	2.73	5.00	33.14
15225112	2.73	5.00	33.20
15227360	2.73	5.00	33.14
15229524	2.73	5.00	37.94
15231760	2.73	5.00	33.14
15233952	2.73	5.00	37.95
15236176	2.73	5.00	33.14
15238400	2.73	5.00	37.94
15240564	2.73	5.00	37.87
15242796	2.73	5.00	37.54
15245008	2.73	5.00	33.50
15247216	2.73	5.00	37.94
15249432	2.73	5.00	37.87
15251628	2.73	5.00	37.95
15253872	2.73	5.00	33.14
15256056	2.73	5.00	37.94
15258244	2.73	5.00	37.80
15260472	2.73	5.00	33.27
15262680	2.73	5.00	37.87
15264904	2.73	5.00	33.20
15267136	2.73	5.00	33.14
15269300	2.73	5.00	37.94
15271560	2.73	5.00	33.14
15273736	2.73	5.00	33.20
15275944	2.73	5.00	33.14
15278160	2.73	5.00	33.20
15280368	2.73	5.00	33.14
15282576	2.73	5.00	33.20
15284816	2.73	5.00	33.15
15286972	2.73	5.00	33.20
15289196	2.73	5.00	33.14
15291424	2.73	5.00	33.20
15293632	2.73	5.00	28.40
15295812	2.73	5.00	33.20
15298028	2.73	5.00	33.14
15300280	2.73	5.00	32.97
15302464	2.73	5.00	28.61
15304672	2.73	5.00	33.20
15306876	2.73	5.00	33.14
15309096	2.73	5.00	33.20
15311312	2.73	5.00	32.72
15313544	2.73	5.00	33.32
15315752	2.73	5.00	28.67
15317960	2.73	5.00	33.20
15320184	2.73	5.00	33.14
15322352	2.73	5.00	37.95
15324556	2.73	5.00	33.14
15326756	2.73	5.00	33.20
15328984	2.73	5.00	33.14
15331224	2.73	5.00	33.20
15333416	2.73	5.00	37.87
15335624	2.73	5.00	33.20
15337804	2.73	5.00	37.87
15340040	2.73	5.00	37.61
15342248	2.73	5.00	33.44
15344456	2.73	5.00	37.94
15346664	2.73	5.00	37.88
15348860	2.73	5.00	37.94
15351068	2.73	5.00	37.87
15353324	2.73	5.00	37.95
15355508	2.73	5.00	37.87
15357712	2.73	5.00	37.94
15359924	2.73	5.00	37.87
15362144	2.73	5.00	42.69
15364344	2.73	5.00	37.87
15366552	2.73	5.00	42.69
15368772	2.73	5.00	37.87
15370976	2.73	5.00	42.69
15373184	2.73	5.00	42.61
15375400	2.73	5.00	42.30
15377640	2.73	5.00	38.22
15379816	2.73	5.00	42.68
15382024	2.73	5.00	42.61
15384232	2.73	5.00	42.68
15386448	2.73	5.00	42.61
15388656	2.73	5.00	42.69
15390904	2.73	5.00	42.60
15393076	2.73	5.00	42.69
15395312	2.73	5.00	47.09
15397496	2.73	5.00	42.91
15399712	2.73	5.00	42.61
15401912	2.73	5.00	42.69
15404160	2.73	5.00	46.92
15406336	2.73	5.00	43.07
15408544	2.73	5.00	42.61
15410788	2.73	5.00	42.69
15413004	2.73	5.00	47.34
15415176	2.73	5.00	42.69
15417416	2.73	5.00	47.00
15419600	2.73	5.00	43.00
15421836	2.73	5.00	47.09
15424016	2.73	5.00	42.91
15426228	2.73	5.00	42.61
15428436	2.73	5.00	47.43
15430700	2.73	5.00	42.60
15432864	2.73	5.00	47.43
15435064	2.73	5.00	42.61
15437280	2.73	5.00	47.26
15439488	2.73	5.00	42.76
15441720	2.73	5.00	47.00
15443904	2.73	5.00	43.00
15446152	2.73	5.00	47.00
15448328	2.73	5.00	42.99
15450540	2.73	5.00	42.69
15452748	2.73	5.00	47.34
15454952	2.73	5.00	42.69
15457172	2.73	5.00	47.34
15459384	2.73	5.00	42.68
15461592	2.73	5.00	47.34
15463792	2.73	5.00	42.69
15466032	2.73	5.00	47.00
15468216	2.73	5.00	42.99
15470456	2.73	5.00	46.92
15472632	2.73	5.00	43.08
15474880	2.73	5.00	46.92
15477056	2.73	5.00	43.07
15479296	2.73	5.00	46.92
15481472	2.73	5.00	43.08
15483712	2.73	5.00	42.60
15485896	2.73	5.00	47.43
15488112	2.73	5.00	47.34
15490312	2.73	5.00	42.69
15492532	2.73	5.00	47.34
15494728	2.73	5.00	42.68
15496948	2.73	5.00	47.34
15499184	2.73	5.00	47.00
15501376	2.73	5.00	43.00
15503584	2.73	5.00	47.43
15505816	2.73	5.00	42.60
15507992	2.73	5.00	47.43
15510244	2.73	5.00	47.34
15512440	2.73	5.00	47.26
15514632	2.73	5.00	42.76
15516840	2.73	5.00	47.43
15519052	2.73	5.00	47.34
15521264	2.73	5.00	47.26
15523496	2.73	5.00	42.76
15525672	2.73	5.00	47.43
15527892	2.73	5.00	47.34
15530104	2.73	5.00	47.43
15532308	2.73	5.00	47.34
15534512	2.73	5.00	47.43
15536732	2.73	5.00	47.34
15538936	2.73	5.00	47.26
15541152	2.73	5.00	47.42
15543392	2.73	5.00	47.26
15545592	2.73	5.00	47.17
15547804	2.73	5.00	47.43
15550020	2.73	5.00	43.00
15552228	2.73	5.00	47.43
15554436	2.73	5.00	51.61
15556656	2.73	5.00	47.43
15558864	2.73	5.00	47.34
15561068	2.73	5.00	47.43
15563276	2.73	5.00	47.51
15565456	2.73	5.00	47.68
15567668	2.73	5.00	47.34
15569872	2.73	5.00	47.43
15572096	2.73	5.00	47.34
15574296	2.73	5.00	47.43
15576504	2.73	5.00	47.34
15578712	2.73	5.00	47.43
15580920	2.73	5.00	47.34
15583164	2.73	5.00	47.43
15585376	2.73	5.00	51.70
15587556	2.73	5.00	47.77
15589804	2.73	5.00	47.34
15591980	2.73	5.00	47.43
15594188	2.73	5.00	47.34
15596396	2.73	5.00	47.43
15598660	2.73	5.00	47.34
15600848	2.73	5.00	51.71
15603032	2.73	5.00	47.60
15605232	2.73	5.00	47.60
15607448	2.73	5.00	47.34
15609656	2.73	5.00	47.43
15611868	2.73	5.00	47.34
15614080	2.73	5.00	47.43
15616300	2.73	5.00	47.34
15618532	2.73	5.00	47.43
15620736	2.73	5.00	51.61
15622920	2.73	5.00	47.77
15625156	2.73	5.00	47.43
15627344	2.73	5.00	47.43
15629548	2.73	5.00	47.34
15631752	2.73	5.00	47.43
15634008	2.73	5.00	47.34
15636204	2.73	5.00	47.43
15638384	2.73	5.00	52.07
15640600	2.73	5.00	47.43
15642816	2.73	5.00	47.34
15645020	2.73	5.00	47.43
15647224	2.73	5.00	47.34
15649468	2.73	5.00	47.43
15651672	2.73	5.00	51.80
15653860	2.73	5.00	47.69
15656072	2.73	5.00	47.34
15658304	2.73	5.00	47.43
15660524	2.73	5.00	51.43
15662696	2.73	5.00	48.03
15664908	2.73	5.00	47.34
15667112	2.73	5.00	47.43
15669360	2.73	5.00	51.61
15671536	2.73	5.00	47.86
15673776	2.73	5.00	47.34
15675988	2.73	5.00	51.71
15678168	2.73	5.00	47.77
15680380	2.73	5.00	47.43
15682624	2.73	5.00	47.34
15684800	2.73	5.00	52.17
15687056	2.73	5.00	47.34
15689244	2.73	5.00	51.99
15691424	2.73	5.00	47.51
15693668	2.73	5.00	47.43
15695888	2.73	5.00	52.08
15698092	2.73	5.00	47.43
15700276	2.73	5.00	51.98
15702508	2.73	5.00	47.51
15704688	2.73	5.00	47.34
15706896	2.73	5.00	52.17
15709108	2.73	5.00	47.34
15711352	2.73	5.00	51.70
15713564	2.73	5.00	47.77
15715740	2.73	5.00	47.43
15717996	2.73	5.00	51.61
15720156	2.73	5.00	47.86
15722396	2.73	5.00	47.34
15724584	2.73	5.00	52.17
15726792	2.73	5.00	47.34
15729024	2.73	5.00	47.00
15731208	2.73	5.00	52.55
15733456	2.73	5.00	47.43
15735624	2.73	5.00	52.07
15737832	2.73	5.00	47.43
15740080	2.73	5.00	47.34
15742256	2.73	5.00	52.17
15744476	2.73	5.00	47.34
15746708	2.73	5.00	47.43
15748888	2.73	5.00	52.07
15751100	2.73	5.00	47.43
15753344	2.73	5.00	47.34
15755512	2.73	5.00	52.17
15757732	2.73	5.00	47.34
15759972	2.73	5.00	47.43
15762156	2.73	5.00	51.98
15764352	2.73	5.00	47.51
15766596	2.73	5.00	47.34
15768808	2.73	5.00	51.98
15770984	2.73	5.00	47.51
15773224	2.73	5.00	47.43
15775408	2.73	5.00	52.07
15777620	2.73	5.00	47.43
15779864	2.73	5.00	47.34
15782080	2.73	5.00	51.98
15784248	2.73	5.00	47.51
15786488	2.73	5.00	51.52
15788700	2.73	5.00	47.95
15790872	2.73	5.00	47.43
15793112	2.73	5.00	51.70
15795304	2.73	5.00	47.77
15797540	2.73	5.00	51.61
15799716	2.73	5.00	47.86
15801920	2.73	5.00	47.34
15804136	2.73	5.00	52.08
15806348	2.73	5.00	47.43
15808592	2.73	5.00	51.89
15810776	2.73	5.00	47.60
15813000	2.73	5.00	51.70
15815184	2.73	5.00	47.77
15817424	2.73	5.00	51.70
15819608	2.73	5.00	47.77
15821848	2.73	5.00	47.43
15824032	2.73	5.00	52.07
15826264	2.73	5.00	51.70
15828476	2.73	5.00	47.69
15830684	2.73	5.00	47.51
15832864	2.73	5.00	52.07
15835104	2.73	5.00	51.70
15837296	2.73	5.00	47.77
15839524	2.73	5.00	47.43
15841704	2.73	5.00	52.08
15843948	2.73	5.00	47.42
15846128	2.73	5.00	52.08
15848336	2.73	5.00	47.43
15850584	2.73	5.00	51.98
15852788	2.73	5.00	47.51
15854968	2.73	5.00	52.07
15857180	2.73	5.00	47.43
15859420	2.73	5.00	51.61
15861596	2.73	5.00	47.86
15863840	2.73	5.00	47.34
15866024	2.73	5.00	52.17
15868228	2.73	5.00	47.34
15870468	2.73	5.00	51.98
15872680	2.73	5.00	47.51
15874856	2.73	5.00	52.07
15877064	2.73	5.00	47.43
15879312	2.73	5.00	47.43
15881512	2.73	5.00	52.07
15883736	2.73	5.00	47.43
15885904	2.73	5.00	52.07
15888112	2.73	5.00	47.43
15890352	2.73	5.00	46.92
15892544	2.73	5.00	52.65
15894784	2.73	5.00	47.34
15896956	2.73	5.00	52.18
15899168	2.73	5.00	47.34
15901404	2.73	5.00	47.43
15903584	2.73	5.00	52.08
15905832	2.73	5.00	51.70
15908016	2.73	5.00	47.77
15910220	2.73	5.00	47.43
15912436	2.73	5.00	51.98
15914664	2.73	5.00	47.51
15916848	2.73	5.00	52.07
15919052	2.73	5.00	47.43
15921304	2.73	5.00	52.07
15923504	2.73	5.00	47.43
15925688	2.73	5.00	52.07
15927912	2.73	5.00	47.43
15930136	2.73	5.00	52.07
15932348	2.73	5.00	47.43
15934560	2.73	5.00	52.07
15936740	2.73	5.00	47.43
15938944	2.73	5.00	52.08
15941184	2.73	5.00	51.70
15943368	2.73	5.00	47.77
15945620	2.73	5.00	51.98
15947820	2.73	5.00	47.51
15950000	2.73	5.00	52.17
15952236	2.73	5.00	47.34
15954416	2.73	5.00	52.07
15956624	2.73	5.00	52.17
15958828	2.73	5.00	47.43
15961072	2.73	5.00	52.07
15963288	2.73	5.00	47.43
15965464	2.73	5.00	52.08
15967716	2.73	5.00	47.42
15969888	2.73	5.00	52.08
15972096	2.73	5.00	52.17
15974300	2.73	5.00	47.34
15976528	2.73	5.00	52.17
15978756	2.73	5.00	47.34
15980944	2.73	5.00	52.17
15983180	2.73	5.00	47.34
15985352	2.73	5.00	52.17
15987596	2.73	5.00	51.61
15989784	2.73	5.00	47.86
15992024	2.73	5.00	47.34
15994192	2.73	5.00	52.17
15996432	2.73	5.00	51.80
15998620	2.73	5.00	47.69
16000860	2.73	5.00	51.61
16003036	2.73	5.00	47.86
16005280	2.73	5.00	51.61
16007456	2.73	5.00	47.86
16009700	2.73	5.00	47.34
16011872	2.73	5.00	52.17
16014116	2.73	5.00	47.34
16016296	2.73	5.00	52.17
16018544	2.73	5.00	47.34
16020760	2.73	5.00	51.89
16022928	2.73	5.00	47.60
16025164	2.73	5.00	51.79
16027380	2.73	5.00	47.69
16029588	2.73	5.00	47.43
16031808	2.73	5.00	52.07
16034012	2.73	5.00	47.43
16036184	2.73	5.00	52.07
16038396	2.73	5.00	47.43
16040632	2.73	5.00	46.92
16042816	2.73	5.00	52.65
16045064	2.73	5.00	51.61
16047248	2.73	5.00	47.86
16049476	2.73	5.00	47.34
16051680	2.73	5.00	52.17
16053900	2.73	5.00	47.34
16056072	2.73	5.00	52.17
16058308	2.73	5.00	47.34
16060504	2.73	5.00	52.17
16062740	2.73	5.00	47.34
16064912	2.73	5.00	52.17
16067156	2.73	5.00	47.34
16069336	2.73	5.00	52.17
16071568	2.73	5.00	51.79
16073760	2.73	5.00	47.69
16075976	2.73	5.00	52.08
16078208	2.73	5.00	47.42
16080384	2.73	5.00	52.08
16082624	2.73	5.00	51.70
16084832	2.73	5.00	47.77
16087016	2.73	5.00	52.17
16089256	2.73	5.00	47.34
16091432	2.73	5.00	52.17
16093684	2.73	5.00	51.42
16095856	2.73	5.00	48.04
16098072	2.73	5.00	52.07
16100308	2.73	5.00	51.71
16102496	2.73	5.00	47.77
16104720	2.73	5.00	51.70
16106936	2.73	5.00	47.77
16109112	2.73	5.00	52.17
16111332	2.73	5.00	47.34
16113536	2.73	5.00	52.17
16115760	2.73	5.00	51.89
16117960	2.73	5.00	47.60
16120168	2.73	5.00	52.07
16122408	2.73	5.00	47.43
16124584	2.73	5.00	52.07
16126812	2.73	5.00	47.43
16129008	2.73	5.00	52.08
16131248	2.73	5.00	47.42
16133456	2.73	5.00	52.08
16135644	2.73	5.00	47.43
16137848	2.73	5.00	52.07
16140084	2.73	5.00	47.43
16142296	2.73	5.00	52.07
16144504	2.73	5.00	47.43
16146720	2.73	5.00	52.07
16148928	2.73	5.00	47.43
16151104	2.73	5.00	52.07
16153312	2.73	5.00	47.43
16155528	2.73	5.00	52.07
16157772	2.73	5.00	47.43
16159952	2.73	5.00	52.07
16162152	2.73	5.00	47.43
16164396	2.73	5.00	51.61
16166576	2.73	5.00	47.86
16168784	2.73	5.00	52.08
16170996	2.73	5.00	47.43
16173216	2.73	5.00	52.07
16175448	2.73	5.00	47.43
16177636	2.73	5.00	51.98
16179860	2.73	5.00	47.51
16182072	2.73	5.00	52.07
16184284	2.73	5.00	47.43
16186472	2.73	5.00	52.07
16188708	2.73	5.00	47.43
16190916	2.73	5.00	52.07
16193096	2.73	5.00	52.17
16195340	2.73	5.00	47.34
16197516	2.73	5.00	52.18
16199736	2.73	5.00	52.07
16201964	2.73	5.00	47.43
16204144	2.73	5.00	52.07
16206352	2.73	5.00	52.17
16208576	2.73	5.00	47.34
16210776	2.73	5.00	52.17
16212984	2.73	5.00	52.07
16215224	2.73	5.00	47.43
16217408	2.73	5.00	52.07
16219628	2.73	5.00	51.99
16221832	2.73	5.00	47.51
16224032	2.73	5.00	52.17
16226248	2.73	5.00	52.07
16228468	2.73	5.00	47.43
16230664	2.73	5.00	52.07
16232904	2.73	5.00	51.89
16235120	2.73	5.00	47.60
16237320	2.73	5.00	52.17
16239540	2.73	5.00	47.34
16241720	2.73	5.00	52.18
16243952	2.73	5.00	51.70
16246168	2.73	5.00	47.77
16248344	2.73	5.00	52.07
16250588	2.73	5.00	47.43
16252768	2.73	5.00	52.07
16255008	2.73	5.00	51.70
16257192	2.73	5.00	47.77
16259424	2.73	5.00	51.70
16261640	2.73	5.00	47.69
16263816	2.73	5.00	52.26
16266028	2.73	5.00	47.34
16268268	2.73	5.00	52.18
16270484	2.73	5.00	47.34
16272656	2.73	5.00	52.17
16274892	2.73	5.00	47.34
16277108	2.73	5.00	52.17
16279320	2.73	5.00	47.34
16281496	2.73	5.00	52.17
16283716	2.73	5.00	47.34
16285920	2.73	5.00	52.17
16288156	2.73	5.00	47.34
16290344	2.73	5.00	52.17
16292580	2.73	5.00	47.34
16294752	2.73	5.00	52.17
16297000	2.73	5.00	47.34
16299184	2.73	5.00	52.17
16301420	2.73	5.00	47.34
16303604	2.73	5.00	51.99
16305808	2.73	5.00	52.26
16308048	2.73	5.00	47.43
16310224	2.73	5.00	52.07
16312472	2.73	5.00	47.43
16314656	2.73	5.00	52.07
16316888	2.73	5.00	51.70
16319064	2.73	5.00	47.77
16321272	2.73	5.00	52.17
16323516	2.73	5.00	47.34
16325704	2.73	5.00	52.17
16327908	2.73	5.00	52.08
16330124	2.73	5.00	47.43
16332328	2.73	5.00	52.07
16334536	2.73	5.00	52.17
16336780	2.73	5.00	47.34
16338960	2.73	5.00	52.17
16341176	2.73	5.00	52.07
16343404	2.73	5.00	51.61
16345616	2.73	5.00	47.86
16347828	2.73	5.00	52.18
16350036	2.73	5.00	51.61
16352248	2.73	5.00	47.86
16354464	2.73	5.00	52.07
16356664	2.73	5.00	51.70
16358880	2.73	5.00	47.77
16361056	2.73	5.00	52.17
16363300	2.73	5.00	51.61
16365504	2.73	5.00	47.86
16367696	2.73	5.00	52.08
16369924	2.73	5.00	47.42
16372104	2.73	5.00	52.08
16374344	2.73	5.00	51.89
16376532	2.73	5.00	47.60
16378736	2.73	5.00	52.17
16380984	2.73	5.00	51.61
16383160	2.73	5.00	47.86
16385392	2.73	5.00	51.70
16387608	2.73	5.00	47.77
16389784	2.73	5.00	52.07
16392004	2.73	5.00	47.43
16394208	2.73	5.00	52.08
16396448	2.73	5.00	51.70
16398624	2.73	5.00	47.77
16400868	2.73	5.00	51.79
16403080	2.73	5.00	47.69
16405256	2.73	5.00	52.17
16407492	2.73	5.00	47.34
16409712	2.73	5.00	52.17
16411916	2.73	5.00	47.34
16414096	2.73	5.00	52.17
16416340	2.73	5.00	47.34
16418512	2.73	5.00	52.17
16420728	2.73	5.00	52.08
16422968	2.73	5.00	47.43
16425152	2.73	5.00	52.07
16427384	2.73	5.00	51.70
16429568	2.73	5.00	47.77
16431776	2.73	5.00	52.17
16434020	2.73	5.00	47.34
16436232	2.73	5.00	52.17
16438440	2.73	5.00	51.79
16440644	2.73	5.00	47.69
16442832	2.73	5.00	52.07
16445068	2.73	5.00	51.71
16447280	2.73	5.00	47.77
16449464	2.73	5.00	52.17
16451696	2.73	5.00	51.70
16453908	2.73	5.00	47.77
16456088	2.73	5.00	52.07
16458328	2.73	5.00	52.17
16460540	2.73	5.00	47.34
16462712	2.73	5.00	52.17
16464936	2.73	5.00	52.08
16467168	2.73	5.00	51.70
16469372	2.73	5.00	47.77
16471552	2.73	5.00	52.17
16473768	2.73	5.00	52.07
16475976	2.73	5.00	47.43
16478220	2.73	5.00	52.07
16480432	2.73	5.00	52.18
16482636	2.73	5.00	51.61
16484848	2.73	5.00	47.86
16487024	2.73	5.00	52.07
16489280	2.73	5.00	51.89
16491476	2.73	5.00	47.60
16493664	2.73	5.00	52.17
16495896	2.73	5.00	51.89
16498104	2.73	5.00	51.89
16500288	2.73	5.00	47.77
16502500	2.73	5.00	52.18
16504740	2.73	5.00	47.34
16506920	2.73	5.00	52.17
16509168	2.73	5.00	51.89
16511368	2.73	5.00	47.60
16513544	2.73	5.00	52.07
16515784	2.73	5.00	51.70
16518000	2.73	5.00	47.77
16520208	2.73	5.00	52.17
16522424	2.73	5.00	47.34
16524596	2.73	5.00	52.18
16526832	2.73	5.00	52.07
16529020	2.73	5.00	47.43
16531224	2.73	5.00	52.07
16533468	2.73	5.00	47.43
16535688	2.73	5.00	52.07
16537880	2.73	5.00	51.70
16540064	2.73	5.00	47.77
16542272	2.73	5.00	52.17
16544520	2.73	5.00	47.34
16546720	2.73	5.00	52.17
16548944	2.73	5.00	47.34
16551120	2.73	5.00	52.18
16553356	2.73	5.00	51.61
16555568	2.73	5.00	47.86
16557776	2.73	5.00	52.07
16559988	2.73	5.00	47.43
16562168	2.73	5.00	52.07
16564384	2.73	5.00	52.17
16566588	2.73	5.00	47.34
16568804	2.73	5.00	51.98
16571008	2.73	5.00	52.27
16573220	2.73	5.00	47.42
16575456	2.73	5.00	52.08
16577672	2.73	5.00	52.17
16579876	2.73	5.00	51.61
16582088	2.73	5.00	47.86
16584264	2.73	5.00	52.07
16586484	2.73	5.00	51.98
16588716	2.73	5.00	47.51
16590904	2.73	5.00	52.18
16593112	2.73	5.00	52.07
16595312	2.73	5.00	52.17
16597556	2.73	5.00	47.34
16599764	2.73	5.00	52.17
16601944	2.73	5.00	52.07
16604208	2.73	5.00	51.89
16606400	2.73	5.00	47.60
16608580	2.73	5.00	52.18
16610796	2.73	5.00	51.98
16612992	2.73	5.00	52.26
16615212	2.73	5.00	47.34
16617448	2.73	5.00	52.17
16619664	2.73	5.00	52.07
16621868	2.73	5.00	47.43
16624076	2.73	5.00	52.07
16626292	2.73	5.00	52.18
16628500	2.73	5.00	47.34
16630704	2.73	5.00	52.17
16632920	2.73	5.00	52.07
16635124	2.73	5.00	47.43
16637332	2.73	5.00	52.07
16639520	2.73	5.00	52.17
16641756	2.73	5.00	51.61
16643968	2.73	5.00	47.86
16646152	2.73	5.00	52.08
16648392	2.73	5.00	47.43
16650568	2.73	5.00	52.07
16652804	2.73	5.00	51.98
16654988	2.73	5.00	47.51
16657192	2.73	5.00	52.17
16659432	2.73	5.00	51.89
16661652	2.73	5.00	47.60
16663832	2.73	5.00	52.07
16666076	2.73	5.00	51.61
16668252	2.73	5.00	47.86
16670456	2.73	5.00	52.17
16672700	2.73	5.00	47.34
16674912	2.73	5.00	52.17
16677112	2.73	5.00	51.79
16679328	2.73	5.00	47.69
16681520	2.73	5.00	52.07
16683744	2.73	5.00	51.70
16685960	2.73	5.00	47.77
16688176	2.73	5.00	52.17
16690384	2.73	5.00	51.61
16692592	2.73	5.00	47.86
16694796	2.73	5.00	51.98
16696976	2.73	5.00	52.26
16699220	2.73	5.00	47.34
16701392	2.73	5.00	52.17
16703616	2.73	5.00	52.07
16705820	2.73	5.00	52.18
16708060	2.73	5.00	47.34
16710264	2.73	5.00	52.18
16712448	2.73	5.00	52.07
16714696	2.73	5.00	51.70
16716904	2.73	5.00	52.07
16719076	2.73	5.00	47.86
16721288	2.73	5.00	52.07
16723500	2.73	5.00	52.18
16725740	2.73	5.00	51.61
16727948	2.73	5.00	47.86
16730136	2.73	5.00	52.07
16732344	2.73	5.00	52.17
16734544	2.73	5.00	52.07
16736752	2.73	5.00	47.43
16738996	2.73	5.00	52.07
16741180	2.73	5.00	52.18
16743408	2.73	5.00	51.70
16745632	2.73	5.00	47.77
16747808	2.73	5.00	52.07
16750040	2.73	5.00	52.17
16752260	2.73	5.00	51.61
16754464	2.73	5.00	47.86
16756648	2.73	5.00	52.08
16758864	2.73	5.00	52.17
16761100	2.73	5.00	47.34
16763272	2.73	5.00	52.17
16765488	2.73	5.00	52.07
16767724	2.73	5.00	47.43
16769904	2.73	5.00	52.07
16772120	2.73	5.00	52.17
16774360	2.73	5.00	47.34
16776536	2.73	5.00	52.17
16778744	2.73	5.00	52.08
16780988	2.73	5.00	47.43
16783196	2.73	5.00	52.07
16785376	2.73	5.00	52.17
16787624	2.73	5.00	47.34
16789792	2.73	5.00	52.17
16792032	2.73	5.00	52.07
16794232	2.73	5.00	47.43
16796424	2.73	5.00	52.07
16798640	2.73	5.00	52.08
16800848	2.73	5.00	47.43
16803056	2.73	5.00	52.17
16805300	2.73	5.00	51.61
16807476	2.73	5.00	47.86
16809712	2.73	5.00	52.07
16811920	2.73	5.00	47.00
16814112	2.73	5.00	52.55
16816320	2.73	5.00	52.17
16818556	2.73	5.00	51.61
16820740	2.73	5.00	47.86
16822952	2.73	5.00	52.07
16825184	2.73	5.00	51.70
16827404	2.73	5.00	47.77
16829584	2.73	5.00	52.17
16831792	2.73	5.00	51.89
16834036	2.73	5.00	47.60
16836208	2.73	5.00	52.07
16838420	2.73	5.00	52.18
16840660	2.73	5.00	51.61
16842864	2.73	5.00	47.86
16845048	2.73	5.00	52.07
16847256	2.73	5.00	52.17
16849464	2.73	5.00	52.07
16851708	2.73	5.00	47.43
16853916	2.73	5.00	52.07
16856104	2.73	5.00	52.18
16858312	2.73	5.00	52.07
16860512	2.73	5.00	52.17
16862756	2.73	5.00	51.61
16864964	2.73	5.00	47.86
16867144	2.73	5.00	52.07
16869356	2.73	5.00	52.18
16871576	2.73	5.00	52.07
16873804	2.73	5.00	47.43
16876024	2.73	5.00	52.07
16878192	2.73	5.00	52.17
16880432	2.73	5.00	51.89
16882640	2.73	5.00	51.89
16884824	2.73	5.00	47.77
16887036	2.73	5.00	52.18
16889248	2.73	5.00	52.07
16891484	2.73	5.00	47.43
16893692	2.73	5.00	52.07
16895880	2.73	5.00	52.17
16898120	2.73	5.00	51.79
16900328	2.73	5.00	47.69
16902504	2.73	5.00	52.08
16904712	2.73	5.00	52.17
16906956	2.73	5.00	47.34
16909136	2.73	5.00	52.17
16911344	2.73	5.00	52.07
16913592	2.73	5.00	47.43
16915768	2.73	5.00	52.07