24623744	20.10	24.63	125.29	2.09	
24626708	20.10	21.11	106.78	2.44	
24629732	20.10	21.14	124.22	2.43	
24632672	20.10	24.63	123.89	2.07	
24635664	20.10	21.11	105.52	2.41	
24638632	20.10	24.63	122.96	2.05	
24641584	20.10	21.14	104.45	2.39	
24644552	20.10	21.11	121.76	2.39	
24647544	20.10	24.63	121.70	2.02	
24650524	20.10	21.11	103.20	2.37	
24653476	20.10	21.14	120.66	2.36	
24656472	20.10	21.11	120.30	2.36	
24659448	20.10	24.63	120.26	1.99	
24662404	20.10	21.11	101.74	2.34	
24665384	20.10	21.14	119.20	2.33	
24668376	20.10	24.63	118.85	1.97	
24671352	20.10	21.11	100.50	2.31	
24674328	20.10	21.11	117.95	2.31	
24677288	20.10	21.14	117.74	2.30	
24680256	20.10	21.11	117.42	2.30	
24683252	20.10	21.11	117.35	2.30	
24686256	20.10	24.47	117.17	1.95	
24689204	20.10	21.23	99.51	2.27	
24692088	20.10	21.79	115.54	2.20	
24695072	20.10	21.11	112.43	2.27	
24698044	20.10	21.14	115.60	2.26	
24701048	20.10	17.59	115.27	2.62	
24703988	20.10	21.11	133.53	2.27	
24706960	20.10	21.11	115.69	2.26	
24709940	20.10	21.14	115.51	2.26	
24712892	20.10	17.59	115.15	2.62	
24715892	20.10	21.11	133.43	2.27	
24718864	20.10	17.59	115.58	2.62	
24721836	20.10	17.62	133.70	2.63	
24724832	20.10	20.97	134.06	2.30	
24727788	20.10	17.71	117.08	2.62	
24730764	20.10	17.59	133.86	2.65	
24733744	20.10	17.62	134.93	2.65	
24736732	20.10	17.48	135.29	2.68	
24739668	20.10	14.17	136.50	3.02	
24742640	20.10	17.59	154.19	2.70	
24745640	20.10	17.62	137.50	2.70	
24748588	20.10	17.59	137.86	2.71	
24751564	20.10	14.07	138.45	3.08	
24754560	20.10	17.59	157.24	2.75	
24757524	20.10	14.10	140.07	3.11	
24760516	20.10	17.59	158.75	2.78	
24763472	20.10	14.07	141.69	3.15	
24766460	20.10	17.59	160.48	2.81	
24769412	20.10	17.62	143.32	2.82	
24772388	20.10	14.07	143.67	3.19	
24775384	20.10	17.59	162.57	2.85	
24778340	20.10	14.07	145.41	3.22	
24781344	20.10	17.62	164.19	2.88	
24784296	20.10	17.52	146.90	2.90	
24787268	20.10	14.13	147.87	3.25	
24790268	20.10	17.59	166.00	2.92	
24793260	20.10	17.48	149.12	2.95	
24796196	20.10	14.19	150.21	3.29	
24799164	20.10	17.59	167.79	2.97	
24802140	20.10	17.59	151.22	2.97	
24805116	20.10	17.62	151.68	2.98	
24808088	20.10	17.59	152.03	2.99	
24811112	20.10	21.00	152.63	2.65	
24814064	20.10	17.69	135.37	2.99	
24817028	20.10	17.62	152.43	3.01	
24819996	20.10	17.59	153.26	3.02	
24822992	20.10	21.11	153.87	2.67	
24825944	20.10	17.59	136.02	3.02	
24828944	20.10	21.14	154.14	2.67	
24831888	20.10	17.59	136.16	3.03	
24834888	20.10	21.11	154.42	2.68	
24837864	20.10	21.11	136.57	2.67	
24840836	20.10	17.62	136.40	3.03	
24843800	20.10	21.11	154.38	2.68	
24846772	20.10	21.11	136.66	2.68	
24849748	20.10	21.11	136.48	2.67	
24852744	20.10	21.14	136.28	2.67	
24855700	20.10	21.11	135.95	2.66	
24858676	20.10	21.11	135.88	2.66	
24861644	20.10	21.11	135.70	2.66	
24864620	20.10	21.14	135.50	2.65	
24867616	20.10	21.11	135.17	2.65	
24870600	20.10	24.53	135.11	2.30	
24873560	20.10	21.20	117.12	2.62	
24876540	20.10	21.14	133.64	2.62	
24879512	20.10	21.11	133.71	2.62	
24882472	20.10	21.11	133.67	2.62	
24885472	20.10	21.11	133.46	2.61	
24888440	20.10	24.66	133.28	2.25	
24891396	20.10	21.11	114.60	2.59	
24894384	20.10	24.63	132.20	2.23	
24897360	20.10	21.11	113.71	2.57	
24900320	20.10	21.14	131.16	2.56	
24903312	20.10	24.63	130.81	2.20	
24906276	20.10	21.05	112.45	2.55	
24909288	20.10	24.54	130.20	2.19	
24912236	20.10	21.28	111.91	2.51	
24915220	20.10	21.11	127.98	2.52	
24918188	20.10	24.63	128.64	2.16	
24921148	20.10	21.11	110.14	2.50	
24924136	20.10	24.66	127.59	2.14	
24927096	20.10	21.11	108.91	2.48	
24930092	20.10	21.11	126.52	2.48	
24933064	20.10	24.63	126.34	2.11	
24936016	20.10	21.14	107.83	2.45	
24939008	20.10	24.63	125.12	2.09	
24941964	20.10	21.11	106.76	2.44	
24944988	20.10	21.11	124.21	2.43	
24947940	20.10	24.66	124.01	2.07	
24950900	20.10	21.11	105.33	2.41	
24953892	20.10	24.63	122.95	2.05	
24956848	20.10	21.11	104.45	2.39	
24959844	20.10	21.14	121.89	2.38	
24962808	20.10	24.63	121.56	2.02	
24965764	20.10	21.11	103.18	2.37	
24968768	20.10	24.60	120.64	2.01	
24971740	20.10	21.17	102.31	2.34	
24974712	20.10	21.11	119.28	2.34	
24977692	20.10	24.63	119.39	1.98	
24980652	20.10	21.11	100.87	2.32	
24983624	20.10	21.14	118.31	2.31	
24986628	20.10	24.53	117.99	1.96	
24989588	20.10	21.20	100.13	2.29	
24992564	20.10	21.11	116.63	2.29	
24995532	20.10	21.14	116.88	2.28	
24998492	20.10	21.11	116.53	2.28	
25001500	20.10	21.11	116.49	2.28	
25004472	20.10	24.57	116.28	1.92	
25007436	20.10	21.20	98.13	2.25	
25010332	20.10	21.73	114.80	2.19	
25013312	20.10	21.11	111.84	2.25	
25016276	20.10	21.14	114.73	2.24	
25019252	20.10	21.11	114.38	2.24	
25022228	20.10	21.11	114.34	2.24	
25025180	20.10	17.59	114.14	2.59	
25028160	20.10	21.14	132.26	2.24	
25031156	20.10	21.11	114.28	2.24	
25034132	20.10	17.59	114.22	2.59	
25037108	20.10	21.11	132.34	2.25	
25040060	20.10	17.62	114.52	2.60	
25043056	20.10	21.11	132.50	2.25	
25046032	20.10	17.59	114.78	2.61	
25049000	20.10	17.59	132.92	2.62	
25051956	20.10	17.62	133.39	2.62	
25054932	20.10	17.59	133.74	2.63	
25057928	20.10	17.59	134.33	2.64	
25060904	20.10	17.59	134.81	2.65	
25063880	20.10	17.62	135.29	2.66	
25066852	20.10	14.07	135.64	3.03	
25069828	20.10	17.59	154.55	2.69	
25072804	20.10	17.59	137.39	2.70	
25075760	20.10	14.09	137.87	3.07	
25078752	20.10	17.59	156.55	2.73	
25081732	20.10	14.08	139.48	3.10	
25084700	20.10	17.59	158.27	2.77	
25087652	20.10	17.62	141.11	2.77	
25090628	20.10	14.07	141.46	3.14	
25093624	20.10	17.59	160.37	2.81	
25096580	20.10	14.07	143.20	3.18	
25099580	20.10	17.62	161.98	2.84	
25102544	20.10	17.55	144.69	2.85	
25105540	20.10	14.11	145.54	3.21	
25108508	20.10	17.59	163.90	2.88	
25111476	20.10	17.48	146.92	2.90	
25114428	20.10	14.19	148.01	3.25	
25117424	20.10	17.59	165.61	2.92	
25120400	20.10	17.59	149.01	2.93	
25123380	20.10	17.57	149.49	2.94	
25126352	20.10	17.64	150.10	2.95	
25129328	20.10	17.59	150.21	2.96	
25132288	20.10	17.59	150.92	2.97	
25135268	20.10	17.62	151.40	2.98	
25138256	20.10	21.11	151.76	2.63	
25141224	20.10	17.59	134.05	2.98	
25144176	20.10	17.59	152.16	2.99	
25147180	20.10	21.14	152.64	2.64	
25150132	20.10	17.59	134.65	3.00	
25153128	20.10	21.11	152.91	2.65	
25156084	20.10	17.59	135.08	3.00	
25159076	20.10	21.14	153.19	2.65	
25162052	20.10	21.11	135.22	2.65	
25165008	20.10	17.59	135.15	3.01	
25167988	20.10	21.11	153.28	2.66	
25170984	20.10	21.14	135.45	2.65	
25173952	20.10	21.11	135.10	2.65	
25176928	20.10	21.11	135.06	2.64	
25179884	20.10	21.11	134.85	2.64	
25182856	20.10	21.14	134.67	2.63	
25185836	20.10	21.08	134.32	2.64	
25188808	20.10	21.14	134.43	2.63	
25191800	20.10	24.63	133.93	2.27	
25194784	20.10	21.14	115.58	2.61	
25197760	20.10	21.11	132.89	2.60	
25200716	20.10	21.11	132.82	2.60	
25203720	20.10	21.11	132.64	2.60	
25206696	20.10	24.47	132.43	2.25	
25209652	20.10	21.28	114.78	2.56	
25212612	20.10	21.11	130.52	2.57	
25215600	20.10	24.63	131.18	2.21	
25218588	20.10	21.14	112.68	2.55	
25221532	20.10	21.11	129.97	2.55	
25224552	20.10	24.47	129.94	2.20	
25227512	20.10	21.26	112.28	2.51	
25230464	20.10	21.14	128.15	2.52	
25233452	20.10	24.63	128.54	2.16	
25236416	20.10	21.11	110.18	2.50	
25239404	20.10	21.11	127.61	2.50	
25242376	20.10	24.66	127.44	2.13	
25245336	20.10	21.11	108.75	2.48	
25248328	20.10	24.63	126.36	2.11	
25251308	20.10	21.11	107.86	2.46	
25254300	20.10	21.14	125.32	2.45	
25257256	20.10	24.63	124.96	2.09	
25260212	20.10	21.11	106.60	2.43	
25263188	20.10	21.11	124.05	2.43	
25266180	20.10	24.66	123.85	2.06	
25269156	20.10	21.11	105.18	2.41	
25272112	20.10	21.11	122.80	2.40	
25275136	20.10	24.47	122.60	2.06	
25278076	20.10	21.29	104.95	2.37	
25281036	20.10	21.11	120.67	2.38	
25284024	20.10	24.63	121.35	2.02	
25287004	20.10	21.11	102.84	2.36	
25289964	20.10	21.14	120.28	2.35	
25292956	20.10	24.60	119.95	2.00	
25295936	20.10	21.14	101.75	2.33	
25298884	20.10	21.11	118.88	2.33	
25301896	20.10	24.47	118.84	1.98	
25304848	20.10	21.29	101.19	2.29	
25307804	20.10	21.11	116.91	2.31	
25310784	20.10	21.11	117.59	2.30	
25313780	20.10	21.14	117.38	2.30	
25316788	20.10	21.11	117.06	2.29	
25319732	20.10	24.63	116.99	1.93	
25322712	20.10	21.11	98.49	2.27	
25325596	20.10	21.76	115.94	2.20	
25328572	20.10	21.11	112.39	2.26	
25331548	20.10	21.11	115.44	2.26	
25334516	20.10	21.14	115.23	2.25	
25337492	20.10	21.11	114.90	2.25	
25340472	20.10	21.05	114.84	2.25	
25343444	20.10	21.17	114.95	2.24	
25346416	20.10	17.62	114.16	2.60	
25349404	20.10	21.11	132.45	2.25	
25352376	20.10	21.11	114.74	2.25	
25355352	20.10	21.11	114.53	2.24	
25358292	20.10	17.62	114.35	2.59	
25361292	20.10	21.11	132.33	2.25	
25364260	20.10	17.59	114.61	2.60	
25367220	20.10	21.11	132.74	2.25	
25370216	20.10	17.62	114.91	2.61	
25373192	20.10	17.59	132.90	2.62	
25376168	20.10	17.59	133.49	2.63	
25379124	20.10	17.59	133.96	2.64	
25382116	20.10	14.09	134.44	3.00	
25385096	20.10	17.59	153.14	2.67	
25388056	20.10	17.55	136.07	2.68	
25391040	20.10	14.11	136.79	3.04	
25393996	20.10	17.62	155.15	2.71	
25396992	20.10	14.07	138.05	3.08	
25399948	20.10	17.57	156.96	2.74	
25402944	20.10	14.10	139.92	3.11	
25405916	20.10	14.09	158.47	3.13	
25408888	20.10	17.59	159.63	2.80	
25411872	20.10	14.07	142.56	3.16	
25414824	20.10	17.59	161.36	2.83	
25417800	20.10	14.09	144.19	3.19	
25420788	20.10	17.59	162.88	2.86	
25423748	20.10	14.08	145.80	3.23	
25426744	20.10	17.59	164.58	2.89	
25429712	20.10	17.62	147.42	2.90	
25432692	20.10	17.47	147.77	2.92	
25435676	20.10	14.17	149.00	3.27	
25438620	20.10	17.59	166.68	2.94	
25441616	20.10	17.62	150.00	2.95	
25444596	20.10	17.59	150.35	2.96	
25447576	20.10	17.59	150.95	2.97	
25450528	20.10	17.59	151.45	2.98	
25453500	20.10	17.62	151.91	2.99	
25456472	20.10	21.11	152.26	2.64	
25459464	20.10	17.59	134.54	2.99	
25462440	20.10	17.59	152.67	3.00	
25465420	20.10	17.62	153.14	3.01	
25468392	20.10	21.11	153.50	2.66	
25471344	20.10	17.59	135.79	3.02	
25474352	20.10	21.11	153.90	2.67	
25477324	20.10	21.14	136.07	2.66	
25480272	20.10	17.59	135.72	3.02	
25483244	20.10	21.11	153.98	2.67	
25486240	20.10	21.11	136.16	2.67	
25489220	20.10	21.14	135.95	2.66	
25492192	20.10	21.11	135.62	2.66	
25495200	20.10	20.97	135.56	2.67	
25498144	20.10	17.71	136.11	3.00	
25501096	20.10	21.14	152.89	2.66	
25504072	20.10	21.11	135.50	2.66	
25507072	20.10	21.11	135.46	2.65	
25510044	20.10	24.63	135.26	2.29	
25513024	20.10	21.14	116.76	2.63	
25515972	20.10	21.11	134.07	2.63	
25518972	20.10	21.11	134.00	2.62	
25521980	20.10	21.11	133.82	2.62	
25524912	20.10	24.66	133.61	2.25	
25527892	20.10	21.11	114.95	2.60	
25530844	20.10	21.11	132.57	2.60	
25533848	20.10	24.60	132.36	2.24	
25536824	20.10	21.17	114.03	2.57	
25539780	20.10	21.11	131.02	2.57	
25542772	20.10	24.63	131.10	2.21	
25545752	20.10	21.11	112.61	2.55	
25548716	20.10	21.14	130.05	2.54	
25551688	20.10	24.63	129.72	2.18	
25554648	20.10	21.11	111.35	2.53	
25557640	20.10	24.63	128.79	2.16	
25560616	20.10	21.08	110.30	2.51	
25563596	20.10	21.17	127.90	2.50	
25566568	20.10	24.63	127.26	2.14	
25569532	20.10	21.11	109.04	2.48	
25572520	20.10	24.66	126.49	2.11	
25575476	20.10	21.11	107.81	2.46	
25578464	20.10	24.63	125.41	2.10	
25581420	20.10	21.11	106.91	2.44	
25584424	20.10	24.57	124.37	2.08	
25587396	20.10	21.20	106.20	2.41	
25590404	20.10	21.11	122.86	2.41	
25593344	20.10	24.63	123.11	2.05	
25596336	20.10	21.14	104.58	2.39	
25599292	20.10	24.63	121.90	2.03	
25602272	20.10	21.11	103.54	2.37	
25605248	20.10	21.11	120.98	2.37	
25608220	20.10	24.66	120.80	2.00	
25611192	20.10	21.11	102.12	2.35	
25614172	20.10	21.11	119.72	2.34	
25617176	20.10	21.11	119.54	2.34	
25620116	20.10	24.66	119.33	1.97	
25623096	20.10	21.05	100.67	2.33	
25626048	20.10	21.17	118.58	2.31	
25629040	20.10	21.11	117.80	2.31	
25632060	20.10	21.14	117.90	2.30	
25635000	20.10	24.63	117.55	1.94	
25637972	20.10	21.11	99.19	2.29	
25640836	20.10	21.76	116.64	2.22	
25643836	20.10	21.11	113.10	2.28	
25646788	20.10	21.11	116.14	2.27	
25649820	20.10	21.11	115.93	2.27	
25652760	20.10	24.66	115.75	1.90	
25655732	20.10	21.11	97.07	2.25	
25658632	20.10	21.58	114.68	2.20	
25661580	20.10	17.74	112.09	2.58	
25664556	20.10	21.11	131.78	2.25	
25667548	20.10	21.11	114.66	2.24	
25670524	20.10	21.11	114.48	2.24	
25673500	20.10	17.62	114.27	2.59	
25676476	20.10	21.11	132.27	2.25	
25679424	20.10	17.59	114.56	2.60	
25682424	20.10	21.11	132.67	2.25	
25685372	20.10	17.62	114.83	2.60	
25688376	20.10	21.11	132.83	2.26	
25691328	20.10	17.59	115.12	2.61	
25694304	20.10	17.59	133.23	2.62	
25697308	20.10	17.62	133.70	2.63	
25700248	20.10	17.59	134.06	2.64	
25703224	20.10	17.59	134.65	2.65	
25706204	20.10	17.59	135.13	2.66	
25709192	20.10	17.62	135.62	2.67	
25712152	20.10	17.55	135.96	2.68	
25715124	20.10	14.11	136.80	3.04	
25718120	20.10	17.59	155.14	2.71	
25721108	20.10	14.09	138.17	3.08	
25724076	20.10	17.59	156.88	2.74	
25727032	20.10	14.07	139.80	3.11	
25730024	20.10	17.59	158.59	2.77	
25732980	20.10	14.09	141.42	3.14	
25735948	20.10	17.59	160.11	2.80	
25738944	20.10	14.08	143.04	3.17	
25741900	20.10	14.07	161.81	3.20	
25744896	20.10	17.62	162.97	2.86	
25747852	20.10	14.07	145.67	3.23	
25750848	20.10	17.59	164.58	2.89	
25753812	20.10	14.07	147.41	3.26	
25756784	20.10	17.62	166.20	2.92	
25759776	20.10	17.59	148.91	2.93	
25762744	20.10	17.59	149.50	2.94	
25765696	20.10	17.59	149.98	2.95	
25768696	20.10	17.48	150.45	2.97	
25771652	20.10	17.74	151.54	2.95	
25774672	20.10	17.43	150.68	2.99	
25777624	20.10	17.76	152.73	2.97	
25780584	20.10	17.62	151.51	2.99	
25783560	20.10	17.59	152.70	3.01	
25786552	20.10	21.11	153.30	2.66	
25789504	20.10	17.59	135.47	3.01	
25792500	20.10	21.14	153.58	2.66	
25795472	20.10	21.09	135.60	2.66	
25798428	20.10	17.62	135.69	3.01	
25801424	20.10	21.11	153.54	2.66	
25804404	20.10	21.14	135.83	2.66	
25807376	20.10	21.11	135.48	2.66	
25810324	20.10	17.59	135.44	3.01	
25813304	20.10	21.11	153.55	2.66	
25816304	20.10	21.14	135.71	2.65	
25819280	20.10	21.11	135.38	2.65	
25822256	20.10	21.11	135.32	2.65	
25825228	20.10	21.11	135.14	2.65	
25828196	20.10	21.14	134.93	2.64	
25831172	20.10	21.11	134.60	2.64	
25834144	20.10	21.11	134.54	2.63	
25837120	20.10	21.11	134.35	2.63	
25840100	20.10	21.14	134.15	2.62	
25843052	20.10	21.11	133.82	2.62	
25846036	20.10	21.11	133.76	2.62	
25849028	20.10	24.63	133.57	2.26	
25852004	20.10	21.14	115.07	2.60	
25854952	20.10	21.11	132.36	2.59	
25857944	20.10	24.63	132.32	2.23	
25860900	20.10	21.11	113.81	2.57	
25863932	20.10	21.14	131.25	2.57	
25866872	20.10	24.63	130.92	2.21	
25869832	20.10	21.11	112.55	2.55	
25872824	20.10	24.63	129.99	2.19	
25875776	20.10	21.14	111.49	2.53	
25878808	20.10	20.97	128.78	2.54	
25881752	20.10	24.80	129.47	2.14	
25884708	20.10	21.11	109.39	2.50	
25887700	20.10	21.14	127.67	2.50	
25890672	20.10	24.63	127.34	2.14	
25893632	20.10	21.11	108.97	2.48	
25896624	20.10	24.63	126.41	2.12	
25899576	45.00	21.14	107.91	5.00	
25902596	45.00	21.11	254.78	5.00	
25905528	45.00	24.63	255.00	4.82	
25908528	45.00	24.63	245.71	4.89	
25911504	45.00	28.19	249.59	4.61	
25914512	45.00	28.15	234.96	4.67	
25917460	45.00	31.67	238.41	4.38	
25920460	45.00	31.67	223.29	4.43	
25923404	45.00	35.24	225.88	4.11	
25926376	45.00	35.19	209.85	4.16	
25929372	45.00	31.67	211.98	4.55	
25932332	45.00	35.19	232.17	4.24	
25935300	45.00	35.24	216.42	4.28	
25938292	45.00	35.00	218.03	4.34	
25941260	45.00	31.84	221.13	4.70	
25944240	45.00	35.19	239.49	4.40	
25947204	45.00	31.71	224.57	4.79	
25950180	45.00	35.09	244.53	4.50	
25953152	45.00	31.76	229.47	4.88	
25956124	45.00	31.67	248.71	4.93	
25959100	45.00	31.71	251.68	4.98	
25962108	45.00	31.67	253.99	5.00	
25965056	45.00	31.67	255.00	5.00	
25968032	45.00	31.67	255.00	5.00	
25971036	45.00	31.71	255.00	5.00	
25973984	45.00	31.67	255.00	5.00	
25976964	45.00	31.63	255.00	5.00	
25979932	45.00	28.19	255.00	5.00	
25982900	45.00	31.71	255.00	5.00	
25985880	45.00	31.67	255.00	5.00	
25988856	45.00	28.15	255.00	5.00	
25991812	45.00	31.67	255.00	5.00	
25994840	45.00	28.11	255.00	5.00	
25997776	45.00	31.75	255.00	5.00	
26000752	45.00	28.15	255.00	5.00	
26003736	45.00	28.15	255.00	5.00	
26006716	45.00	31.58	255.00	5.00	
26009684	45.00	28.27	255.00	5.00	
26012636	45.00	28.15	255.00	5.00	
26015632	45.00	28.15	255.00	5.00	
26018604	45.00	28.19	255.00	5.00	
26021576	45.00	31.67	255.00	5.00	
26024552	45.00	28.15	255.00	5.00	
26027560	45.00	28.15	255.00	5.00	
26030536	45.00	31.46	255.00	5.00	
26033480	45.00	28.38	255.00	5.00	
26036460	45.00	31.67	255.00	5.00	
26039432	45.00	31.67	255.00	5.00	
26042436	45.00	31.71	255.00	5.00	
26045376	45.00	31.67	255.00	5.00	
26048352	45.00	31.67	255.00	5.00	
26051340	45.00	35.19	255.00	5.00	
26054304	45.00	35.19	255.00	5.00	
26057332	45.00	34.91	255.00	5.00	
26060308	45.00	35.28	255.00	5.00	
26063232	45.00	35.43	255.00	5.00	
26066208	45.00	35.23	255.00	5.00	
26069180	45.00	38.71	255.00	5.00	
26072184	45.00	38.71	255.00	5.00	
26075164	45.00	38.50	255.00	5.00	
26078104	45.00	38.97	255.00	5.00	
26081076	45.00	38.71	255.00	5.00	
26084088	45.00	38.71	255.00	5.00	
26087028	45.00	42.23	255.00	5.00	
26090008	45.00	42.28	255.00	5.00	
26092976	45.00	42.23	255.00	5.00	
26095952	45.00	42.23	255.00	5.00	
26098932	45.00	42.23	255.00	5.00	
26101940	45.00	42.28	255.00	5.00	
26104888	45.00	45.74	255.00	5.00	
26107896	45.00	41.94	255.00	5.00	
26110844	45.00	46.06	255.00	5.00	
26113820	45.00	45.56	255.00	5.00	
26116796	45.00	42.45	255.00	5.00	
26119756	45.00	45.75	255.00	5.00	
26122740	45.00	45.75	255.00	5.00	
26125708	45.00	45.80	255.00	5.00	
26128716	45.00	45.44	255.00	5.00	
26131696	45.00	45.74	255.00	5.00	
26134668	45.00	42.51	255.00	5.00	
26137640	45.00	45.81	255.00	5.00	
26140608	45.00	45.74	255.00	5.00	
26143584	45.00	45.75	255.00	5.00	
26146532	45.00	45.75	255.00	5.00	
26149508	45.00	45.80	255.00	5.00	
26152492	45.00	45.75	255.00	5.00	
26155484	45.00	42.23	255.00	5.00	
26158436	45.00	45.74	255.00	5.00	
26161416	45.00	45.75	255.00	5.00	
26164412	45.00	42.28	255.00	5.00	
26167388	45.00	45.50	255.00	5.00	
26170324	45.00	42.45	255.00	5.00	
26173356	45.00	42.28	255.00	5.00	
26176308	45.00	45.56	255.00	5.00	
26179256	45.00	42.40	255.00	5.00	
26182228	45.00	42.23	255.00	5.00	
26185200	45.00	42.28	255.00	5.00	
26188176	45.00	42.23	255.00	5.00	
26191156	45.00	42.23	255.00	5.00	
26194144	45.00	42.23	255.00	5.00	
26197144	45.00	41.94	255.00	5.00	
26200132	45.00	38.76	255.00	5.00	
26203108	45.00	42.51	255.00	5.00	
26206084	45.00	42.23	255.00	5.00	
26209052	45.00	45.44	255.00	5.00	
26211988	45.00	42.45	255.00	5.00	
26214960	45.00	42.34	255.00	5.00	
26217924	45.00	42.23	255.00	5.00	
26220936	45.00	42.28	255.00	5.00	
26223888	45.00	45.75	255.00	5.00	
26226864	45.00	45.68	255.00	5.00	
26229864	45.00	42.28	255.00	5.00	
26232840	45.00	45.81	255.00	5.00	
26235780	45.00	45.74	255.00	5.00	
26238784	45.00	45.75	255.00	5.00	
26241756	45.00	45.74	255.00	5.00	
26244704	45.00	49.33	255.00	5.00	
26247712	45.00	45.74	255.00	5.00	
26250664	45.00	49.07	255.00	5.00	
26253664	45.00	45.93	255.00	5.00	
26256636	45.00	49.33	255.00	5.00	
26259612	45.00	49.26	255.00	5.00	
26262588	45.00	49.26	255.00	5.00	
26265564	45.00	49.26	255.00	5.00	
26268532	45.00	49.33	255.00	5.00	
26271508	45.00	49.26	255.00	5.00	
26274480	45.00	49.26	255.00	5.00	
26277464	45.00	52.36	255.00	5.00	
26280468	45.00	49.46	255.00	5.00	
26283396	45.00	49.53	255.00	5.00	
26286388	45.00	49.26	255.00	5.00	
26289364	45.00	49.26	255.00	5.00	
26292340	45.00	52.43	255.00	4.92	
26295276	45.00	49.66	250.84	5.00	
26298256	45.00	49.26	255.00	5.00	
26301264	45.00	49.00	255.00	5.00	
26304236	45.00	46.06	255.00	5.00	
26307208	45.00	49.26	255.00	5.00	
26310152	45.00	49.26	255.00	5.00	
26313160	45.00	45.75	255.00	5.00	
26316104	45.00	49.33	255.00	5.00	
26319088	45.00	45.74	255.00	5.00	
26322092	45.00	45.75	255.00	5.00	
26325072	45.00	45.75	255.00	5.00	
26328032	45.00	45.81	255.00	5.00	
26330980	45.00	45.75	255.00	5.00	
26333956	45.00	45.74	255.00	5.00	
26336964	45.00	45.50	255.00	5.00	
26339948	45.00	42.40	255.00	5.00	
26342912	45.00	45.86	255.00	5.00	
26345860	45.00	45.75	255.00	5.00	
26348860	45.00	45.62	255.00	5.00	
26351836	45.00	42.39	255.00	5.00	
26354816	45.00	45.75	255.00	5.00	
26357788	45.00	45.75	255.00	5.00	
26360760	45.00	45.75	255.00	5.00	
26363736	45.00	45.81	255.00	5.00	
26366712	45.00	45.74	255.00	5.00	
26369692	45.00	45.75	255.00	5.00	
26372632	45.00	49.26	255.00	5.00	
26375632	45.00	45.81	255.00	5.00	
26378576	45.00	49.26	255.00	5.00	
26381588	45.00	48.93	255.00	5.00	
26384564	45.00	46.06	255.00	5.00	
26387540	45.00	49.33	255.00	5.00	
26390508	45.00	49.26	255.00	5.00	
26393484	45.00	49.26	255.00	5.00	
26396460	45.00	49.26	254.99	4.98	
26399396	45.00	52.86	254.16	4.60	
26402396	45.00	49.26	234.65	4.94	
26405380	45.00	49.26	251.85	4.92	
26408384	45.00	52.78	251.02	4.55	
26411332	45.00	49.33	231.89	4.87	
26414332	45.00	52.79	248.36	4.50	
26417288	45.00	49.26	229.53	4.83	
26420232	45.00	52.71	246.37	4.46	
26423216	45.00	49.40	227.61	4.77	
26426196	45.00	49.26	243.39	4.77	
26429144	45.00	52.79	243.23	4.39	
26432144	45.00	49.26	224.08	4.72	
26435136	45.00	49.33	240.93	4.70	
26438096	45.00	49.26	239.76	4.69	
26441052	45.00	49.26	239.28	4.68	
26444068	45.00	48.93	238.46	4.69	
26447036	45.00	46.12	239.35	4.97	
26449984	45.00	49.26	253.26	4.64	
26452952	45.00	45.75	236.67	4.98	
26455956	45.00	45.75	254.16	4.98	
26458940	45.00	45.80	254.02	4.97	
26461912	45.00	45.75	253.58	4.97	
26464852	45.00	49.20	253.72	4.62	
26467832	45.00	45.81	235.62	4.95	
26470800	45.00	45.81	252.45	4.95	
26473784	45.00	45.75	252.30	4.95	
26476756	45.00	45.74	252.47	4.95	
26479740	45.00	45.68	252.35	4.95	
26482720	45.00	45.87	252.50	4.93	
26485712	45.00	45.44	251.41	4.97	
26488656	45.00	46.05	253.47	4.91	
26491684	45.00	45.75	250.22	4.93	
26494624	45.00	45.81	251.60	4.92	
26497624	45.00	45.75	251.13	4.93	
26500556	45.00	49.20	251.30	4.57	
26503556	45.00	45.81	233.19	4.90	
26506536	45.00	49.07	250.03	4.57	
26509516	45.00	45.99	232.91	4.87	
26512464	45.00	49.07	248.13	4.55	
26515444	45.00	45.93	231.94	4.85	
26518420	45.00	49.33	247.51	4.50	
26521376	45.00	49.26	229.59	4.49	
26524348	45.00	49.26	229.13	4.48	
26527332	45.00	49.13	228.32	4.47	
26530332	45.00	49.13	228.19	4.46	
26533312	45.00	46.06	227.39	4.76	
26536284	45.00	49.26	242.61	4.43	
26539264	45.00	49.26	225.71	4.41	
26542232	45.00	49.33	224.89	4.39	
26545208	45.00	49.26	223.73	4.38	
26548168	45.00	49.26	223.25	4.36	
26551140	45.00	49.26	222.43	4.35	
26554108	45.00	49.26	221.61	4.33	
26557112	45.00	45.81	220.80	4.67	
26560088	45.00	49.20	237.97	4.32	
26563064	45.00	49.33	220.17	4.29	
26566012	45.00	49.07	218.67	4.30	
26569012	45.00	45.99	219.22	4.60	
26571988	45.00	48.93	234.43	4.29	
26574932	45.00	46.06	218.92	4.57	
26577940	45.00	45.81	233.16	4.59	
26580912	45.00	45.74	234.24	4.60	
26583852	45.00	49.27	234.44	4.23	
26586832	45.00	45.74	215.93	4.58	
26589800	45.00	45.81	233.48	4.57	
26592776	45.00	45.75	232.99	4.57	
26595752	45.00	45.75	233.15	4.57	
26598760	45.00	45.44	233.01	4.60	
26601736	45.00	42.57	234.48	4.89	
26604684	45.00	45.75	249.30	4.57	
26607672	45.00	45.56	233.25	4.59	
26610664	45.00	45.62	234.06	4.58	
26613616	45.00	42.57	233.66	4.89	
26616576	45.00	45.75	249.39	4.58	
26619552	45.00	45.74	233.34	4.57	
26622560	45.00	45.38	233.22	4.61	
26625536	45.00	42.63	234.96	4.89	
26628508	45.00	45.74	249.20	4.58	
26631492	45.00	45.75	233.46	4.57	
26634464	45.00	45.75	233.29	4.57	
26637436	45.00	45.81	233.15	4.56	
26640412	45.00	45.75	232.68	4.57	
26643404	45.00	45.74	232.85	4.56	
26646332	45.00	45.75	232.73	4.56	
26649308	45.00	49.20	232.56	4.21	
26652280	45.00	45.87	214.46	4.53	
26655256	45.00	45.75	230.98	4.54	
26658260	45.00	45.75	231.46	4.54	
26661220	45.00	45.80	231.31	4.53	
26664180	45.00	49.26	230.88	4.17	
26667188	45.00	45.75	212.71	4.51	
26670160	45.00	45.75	230.20	4.51	
26673104	45.00	49.33	230.06	4.14	
26676080	45.00	45.75	211.26	4.49	
26679084	45.00	45.75	229.08	4.49	
26682060	45.00	48.93	228.94	4.16	
26685004	45.00	46.12	212.20	4.43	
26687996	45.00	45.74	226.10	4.47	
26690964	45.00	49.07	227.85	4.13	
26693972	45.00	45.93	210.40	4.43	
26696940	45.00	45.81	225.94	4.44	
26699916	45.00	48.93	226.40	4.12	
26702892	45.00	45.81	209.97	4.42	
26705832	45.00	45.99	225.49	4.40	
26708852	45.00	45.80	224.37	4.42	
26711776	45.00	45.75	225.17	4.42	
26714784	45.00	45.75	225.31	4.42	
26717736	45.00	45.75	225.17	4.41	
26720736	45.00	45.44	225.02	4.44	
26723696	45.00	42.57	226.47	4.73	
26726660	45.00	45.75	241.34	4.42	
26729660	45.00	42.22	225.26	4.77	
26732608	45.00	45.81	243.45	4.42	
26735624	45.00	42.23	225.33	4.78	
26738552	45.00	45.74	243.80	4.43	
26741524	45.00	42.23	226.05	4.79	
26744512	45.00	45.62	244.19	4.45	
26747472	45.00	42.39	227.05	4.78	
26750504	45.00	42.23	243.74	4.81	
26753444	45.00	45.75	245.10	4.46	
26756404	45.00	42.28	227.33	4.81	
26759408	45.00	42.23	245.22	4.82	
26762392	45.00	45.44	246.01	4.51	
26765332	45.00	42.51	229.85	4.80	
26768312	45.00	45.75	244.97	4.48	
26771276	45.00	42.28	228.63	4.83	
26774284	45.00	42.23	246.52	4.85	
26777228	45.00	45.74	247.31	4.50	
26780240	45.00	45.38	229.56	4.54	
26783192	45.00	42.63	231.30	4.81	
26786184	45.00	45.74	245.54	4.51	
26789136	45.00	45.75	229.80	4.50	
26792136	45.00	42.29	229.63	4.85	
26795116	45.00	45.75	247.50	4.51	
26798092	45.00	45.74	230.01	4.51	
26801060	45.00	45.75	229.89	4.50	
26804036	45.00	45.81	229.72	4.50	
26806996	45.00	45.75	229.26	4.50	
26809972	45.00	45.74	229.43	4.50	
26812948	45.00	48.94	229.31	4.17	
26815936	45.00	45.74	212.52	4.48	
26818880	45.00	46.12	228.41	4.44	
26821860	45.00	45.75	226.31	4.47	
26824884	45.00	45.75	228.03	4.47	
26827836	45.00	45.81	227.89	4.46	
26830796	45.00	45.74	227.43	4.46	
26833772	45.00	48.93	227.62	4.13	
26836724	45.00	46.06	210.85	4.41	
26839704	45.00	45.81	225.09	4.43	
26842688	45.00	45.62	226.18	4.45	
26845656	45.00	45.87	226.98	4.42	
26848632	45.00	45.74	225.58	4.43	
26851608	45.00	45.81	226.08	4.42	
26854616	45.00	45.44	225.59	4.46	
26857604	45.00	42.51	227.35	4.76	
26860528	45.00	45.75	242.52	4.43	
26863504	45.00	45.81	226.15	4.43	
26866524	45.00	42.22	225.69	4.79	
26869456	45.00	45.75	244.19	4.44	
26872448	45.00	42.23	226.39	4.80	
26875400	45.00	45.81	244.55	4.44	
26878392	45.00	42.22	226.46	4.80	
26881372	45.00	41.95	244.96	4.84	
26884332	45.00	46.05	246.93	4.43	
26887304	45.00	42.29	226.16	4.81	
26890308	45.00	42.22	245.55	4.83	
26893264	45.00	45.62	246.40	4.49	
26896228	45.00	42.34	229.23	4.83	
26899220	45.00	42.28	246.19	4.84	
26902232	45.00	45.44	247.02	4.53	
26905156	45.00	42.45	231.09	4.83	
26908156	45.00	42.29	246.56	4.86	
26911120	45.00	42.28	247.92	4.87	
26914084	45.00	45.75	248.46	4.53	
26917108	45.00	42.23	230.95	4.88	
26920036	45.00	45.74	249.12	4.54	
26923036	45.00	42.29	231.37	4.89	
26926008	45.00	45.75	249.21	4.54	
26928952	45.00	45.75	231.72	4.54	
26931936	45.00	45.62	231.57	4.55	
26934936	45.00	45.56	232.10	4.55	
26937912	45.00	42.57	232.27	4.86	
26940884	45.00	45.74	247.72	4.54	
26943860	45.00	45.75	231.70	4.54	
26946836	45.00	45.81	231.53	4.53	
26949812	45.00	45.75	231.06	4.53	
26952812	45.00	45.75	231.23	4.53	
26955736	45.00	45.74	231.09	4.53	
26958708	45.00	49.20	230.97	4.17	
26961680	45.00	45.87	212.84	4.50	
26964656	45.00	45.75	229.36	4.51	
26967660	45.00	45.75	229.83	4.50	
26970620	45.00	45.81	229.69	4.49	
26973596	45.00	45.74	229.23	4.50	
26976588	45.00	45.75	229.42	4.50	
26979560	45.00	48.93	229.25	4.17	
26982508	45.00	46.12	212.51	4.44	
26985484	45.00	45.75	226.42	4.47	
26988456	45.00	45.75	228.14	4.47	
26991448	45.00	45.74	228.00	4.47	
26994404	45.00	45.81	227.88	4.46	
26997376	45.00	45.75	227.39	4.46	
27000360	45.00	45.75	227.56	4.46	
27003336	45.00	45.62	227.41	4.47	
27006320	45.00	42.40	227.93	4.80	
27009284	45.00	45.75	244.57	4.46	
27012272	45.00	45.62	227.65	4.47	
27015232	45.00	42.34	228.14	4.81	
27018232	45.00	45.50	245.13	4.49	
27021180	45.00	42.51	229.17	4.80	
27024200	45.00	42.23	244.64	4.83	
27027128	45.00	45.75	246.58	4.49	
27030100	45.00	42.28	228.81	4.84	
27033096	45.00	42.23	246.70	4.85	
27036056	45.00	45.74	247.49	4.50	
27039028	45.00	42.23	229.74	4.86	
27042056	45.00	42.28	247.88	4.87	
27045012	45.00	45.75	248.15	4.52	
27047952	45.00	42.23	230.63	4.88	
27050944	45.00	42.22	248.80	4.89	
27053940	45.00	45.56	249.35	4.56	
27056876	45.00	42.45	232.51	4.87	
27059856	45.00	45.75	248.59	4.55	
27062848	45.00	42.23	231.93	4.90	
27065800	45.00	45.81	250.09	4.55	
27068812	45.00	42.22	232.00	4.91	
27071788	45.00	45.75	250.50	4.56	
27074764	45.00	45.75	232.70	4.56	
27077708	45.00	45.80	232.55	4.55	
27080688	45.00	45.56	232.12	4.57	
27083664	45.00	45.81	233.21	4.55	
27086664	45.00	45.56	231.83	4.57	
27089616	45.00	45.87	232.95	4.53	
27092588	45.00	45.80	231.25	4.54	
27095552	45.00	45.93	231.43	4.52	
27098568	45.00	45.75	230.61	4.54	
27101512	45.00	45.81	231.39	4.53	
27104516	45.00	45.75	230.93	4.53	
27107488	45.00	45.74	231.09	4.53	
27110432	45.00	49.26	230.98	4.17	
27113408	45.00	45.81	212.50	4.50	
27116404	45.00	45.75	229.67	4.51	
27119380	45.00	48.93	229.84	4.18	
27122324	45.00	46.06	213.09	4.46	
27125364	45.00	45.68	227.33	4.49	
27128308	45.00	45.86	229.05	4.47	
27131284	45.00	45.75	227.99	4.48	
27134276	45.00	45.75	228.44	4.48	
27137236	45.00	45.81	228.29	4.47	
27140212	45.00	48.93	227.83	4.15	
27143184	45.00	42.51	211.40	4.79	
27146172	45.00	45.75	244.09	4.47	
27149132	45.00	45.81	227.72	4.46	
27152080	45.00	45.75	227.25	4.46	
27155084	45.00	42.22	227.42	4.82	
27158032	45.00	45.75	245.61	4.47	
27161020	45.00	42.28	227.81	4.82	
27163976	45.00	45.75	245.70	4.47	
27166980	45.00	42.23	228.19	4.83	
27169988	45.00	45.44	246.35	4.51	
27172912	45.00	42.57	230.16	4.80	
27175876	45.00	42.23	245.03	4.85	
27178856	45.00	42.22	247.26	4.86	
27181856	45.00	42.23	247.82	4.87	
27184820	45.00	41.94	248.32	4.91	
27187784	45.00	46.06	250.35	4.50	
27190800	45.00	42.28	229.52	4.88	
27193728	45.00	45.75	248.97	4.54	
27196732	45.00	42.29	231.46	4.89	
27199684	45.00	45.74	249.32	4.55	
27202684	45.00	42.23	231.86	4.90	
27205664	45.00	45.75	250.00	4.55	
27208604	45.00	45.68	232.22	4.56	
27211608	45.00	45.56	232.42	4.57	
27214568	45.00	42.51	232.90	4.88	
27217556	45.00	45.75	248.66	4.56	
27220508	45.00	45.80	232.31	4.55	
27223488	45.00	45.75	231.88	4.55	
27226456	45.00	45.75	232.02	4.55	
27229492	45.00	45.75	231.87	4.54	
27232408	45.00	45.80	231.73	4.54	
27235388	45.00	45.75	231.29	4.54	
27238384	45.00	45.75	231.43	4.54	
27241356	45.00	45.75	231.29	4.53	
27244332	45.00	45.81	231.15	4.52	
27247328	45.00	45.74	230.68	4.53	
27250284	45.00	48.93	230.87	4.20	
27253232	45.00	46.06	214.10	4.48	
27256232	45.00	45.81	228.34	4.50	
27259212	45.00	45.75	229.43	4.50	
27262212	45.00	45.44	229.59	4.53	
27265168	45.00	45.74	231.04	4.50	
27268104	45.00	49.67	229.39	4.09	
27271108	45.00	45.74	208.81	4.48	
27274084	45.00	45.75	228.36	4.47	
27277084	45.00	45.75	228.19	4.47	
27280020	45.00	45.81	228.05	4.46	
27283028	45.00	45.74	227.58	4.47	
27285972	45.00	45.75	227.77	4.46	
27288956	45.00	45.75	227.61	4.46	
27291920	45.00	45.81	227.46	4.45	
27294884	45.00	45.75	227.00	4.45	
27297908	45.00	42.22	227.17	4.81	
27300832	45.00	45.75	245.36	4.46	
27303820	45.00	42.28	227.56	4.81	
27306776	45.00	45.75	245.45	4.47	
27309748	45.00	42.23	227.94	4.83	
27312772	45.00	45.44	246.10	4.51	
27315700	45.00	42.57	229.94	4.80	
27318716	45.00	42.22	244.75	4.84	
27321656	45.00	42.23	247.04	4.85	
27324660	45.00	42.22	247.54	4.86	
27327612	45.00	45.68	248.10	4.52	
27330608	45.00	42.34	230.62	4.86	
27333568	45.00	42.22	247.89	4.88	
27336536	45.00	45.68	249.01	4.54	
27339532	45.00	42.34	231.53	4.88	
27342508	45.00	42.22	248.80	4.90	
27345464	45.00	45.62	249.93	4.56	
27348464	45.00	45.62	232.76	4.56	
27351432	45.00	42.51	232.64	4.88	
27354408	45.00	45.75	248.73	4.56	
27357364	45.00	45.75	232.36	4.55	
27360356	45.00	42.22	232.22	4.91	
27363340	45.00	45.81	250.41	4.55	
27366280	45.00	45.75	232.29	4.56	
27369284	45.00	45.75	232.45	4.56	
27372276	45.00	45.74	232.31	4.55	
27375220	45.00	45.81	232.19	4.54	
27378196	45.00	45.75	231.70	4.55	
27381180	45.00	45.75	231.87	4.54	
27384160	45.00	45.74	231.73	4.54	
27387136	45.00	49.00	231.61	4.21	
27390084	45.00	46.05	214.47	4.49	
27393100	45.00	45.75	229.09	4.52	
27396060	45.00	45.75	230.47	4.52	
27399024	45.00	45.81	230.32	4.51	
27402012	45.00	48.93	229.86	4.18	
27404984	45.00	45.75	213.43	4.50	
27407988	45.00	45.99	229.27	4.47	
27410932	45.00	45.87	227.86	4.48	
27413908	45.00	45.75	228.29	4.49	
27416892	45.00	48.93	228.77	4.16	
27419872	45.00	45.81	212.03	4.46	
27422808	45.00	46.06	227.55	4.43	
27425776	45.00	45.74	226.10	4.46	
27428752	45.00	45.75	227.54	4.46	
27431760	45.00	45.44	227.37	4.49	
27434752	45.00	42.57	228.82	4.78	
27437732	45.00	45.75	243.69	4.46	
27440688	45.00	45.44	227.61	4.49	
27443656	45.00	42.51	229.05	4.79	
27446600	45.00	45.80	244.20	4.46	
27449580	45.00	42.23	227.56	4.82	
27452592	45.00	45.44	246.01	4.51	
27455540	45.00	42.51	229.82	4.80	
27458520	45.00	42.29	244.99	4.84	
27461488	45.00	45.62	246.64	4.51	
27464452	45.00	42.34	229.81	4.84	
27467428	45.00	42.22	246.74	4.86	
27470420	45.00	42.23	247.87	4.87	
27473376	45.00	45.81	248.37	4.52	
27476368	45.00	42.22	230.28	4.88	
27479336	45.00	45.75	248.78	4.53	
27482304	45.00	42.28	230.97	4.88	
27485320	45.00	45.44	248.87	4.57	
27488252	45.00	42.51	232.94	4.86	
27491232	45.00	45.74	248.09	4.54	
27494232	45.00	42.29	231.77	4.89	
27497184	45.00	45.75	249.61	4.55	
27500152	45.00	45.75	232.12	4.55	
27503148	45.00	42.22	231.98	4.91	
27506132	45.00	45.81	250.17	4.55	
27509116	45.00	45.75	232.05	4.55	
27512060	45.00	45.74	232.21	4.55	
27515036	45.00	45.75	232.10	4.55	
27518036	45.00	45.81	231.93	4.54	
27520976	45.00	45.75	231.46	4.54	
27523972	45.00	45.75	231.63	4.54	
27526948	45.00	45.74	231.49	4.54	
27529940	45.00	45.81	231.37	4.53	
27532908	45.00	48.93	230.88	4.20	
27535852	45.00	46.06	214.45	4.48	
27538860	45.00	45.75	228.68	4.51	
27541844	45.00	45.81	230.09	4.50	
27544820	45.00	45.74	229.62	4.51	
27547772	45.00	49.07	229.81	4.16	
27550732	45.00	45.93	212.37	4.47	
27553732	45.00	45.81	227.91	4.48	
27556708	45.00	45.75	228.37	4.48	
27559684	45.00	48.93	228.54	4.15	
27562664	45.00	45.81	211.80	4.46	
27565608	45.00	46.05	227.32	4.43	
27568576	45.00	45.75	225.90	4.46	
27571560	45.00	45.75	227.29	4.45	
27574560	45.00	42.23	227.14	4.81	
27577536	45.00	45.80	245.31	4.46	
27580484	45.00	45.75	227.24	4.46	
27583456	45.00	45.75	227.38	4.46	
27586464	45.00	45.44	227.23	4.48	
27589396	45.00	42.57	228.68	4.78	
27592376	45.00	45.75	243.55	4.46	
27595368	45.00	42.22	227.47	4.82	
27598328	45.00	45.75	245.66	4.47	
27601340	45.00	42.29	227.86	4.82	
27604308	45.00	42.22	245.73	4.83	
27607296	45.00	45.44	246.58	4.52	
27610260	45.00	42.51	230.36	4.81	
27613232	45.00	42.28	245.51	4.85	
27616192	45.00	45.56	247.20	4.52	
27619168	45.00	42.39	230.64	4.84	
27622144	45.00	42.23	247.02	4.87	
27625104	45.00	45.81	248.39	4.52	
27628108	45.00	42.11	230.29	4.89	
27631056	45.00	45.87	249.38	4.52	
27634060	45.00	42.22	230.37	4.89	
27637008	45.00	45.81	249.18	4.53	
27639988	45.00	45.75	231.06	4.53	
27642972	45.00	42.22	231.22	4.89	
27645928	45.00	45.75	249.41	4.54	
27648904	45.00	45.81	231.61	4.53	
27651888	45.00	45.56	231.15	4.55	
27654884	45.00	42.39	232.27	4.88	
27657856	45.00	45.75	248.65	4.54	
27660856	45.00	45.81	231.70	4.53	
27663804	45.00	45.75	231.24	4.54	
27666784	45.00	48.93	231.40	4.21	
27669768	45.00	45.81	214.67	4.51	
27672708	45.00	46.05	230.19	4.49	
27675712	45.00	45.75	228.77	4.51	
27678684	45.00	45.75	230.15	4.51	
27681680	45.00	45.75	230.01	4.51	
27684620	45.00	48.93	229.86	4.18	
27687576	45.00	46.12	213.13	4.45	
27690588	45.00	45.62	227.03	4.50	
27693556	45.00	45.87	229.42	4.47	
27696532	45.00	48.93	228.00	4.15	
27699484	45.00	46.12	211.88	4.43	
27702488	45.00	45.75	225.78	4.46	
27705468	45.00	45.75	227.50	4.46	
27708436	45.00	45.80	227.36	4.45	
27711396	45.00	45.75	226.92	4.45	
27714352	45.00	45.75	227.06	4.45	
27717356	45.00	45.75	226.92	4.45	
27720304	45.00	45.81	226.78	4.44	
27723276	45.00	45.68	226.32	4.45	
27726292	45.00	42.29	226.83	4.79	
27729232	45.00	45.75	244.36	4.45	
27732240	45.00	45.44	226.87	4.48	
27735180	45.00	42.57	228.35	4.77	
27738192	45.00	45.44	243.16	4.48	
27741124	45.00	42.51	228.70	4.78	
27744100	45.00	42.29	243.87	4.81	
27747108	45.00	42.22	245.51	4.83	
27750056	45.00	45.75	246.35	4.48	
27753028	45.00	42.22	228.55	4.84	
27756020	45.00	42.29	246.74	4.84	
27758984	45.00	45.68	246.95	4.51	
27761968	45.00	42.28	229.78	4.85	
27764928	45.00	42.23	247.37	4.87	
27767920	45.00	45.62	248.16	4.53	
27770876	45.00	42.39	231.02	4.86	
27773908	45.00	45.44	247.71	4.56	
27776828	45.00	42.51	232.35	4.85	
27779808	45.00	42.29	247.52	4.89	
27782776	45.00	45.75	249.16	4.54	
27785760	45.00	45.74	231.67	4.54	
27788744	45.00	42.23	231.55	4.90	
27791704	45.00	45.81	249.69	4.54	
27794684	45.00	45.74	231.60	4.54	
27797696	45.00	45.44	231.79	4.57	
27800672	45.00	45.81	233.21	4.53	
27803620	45.00	42.51	231.21	4.87	
27806596	45.00	48.93	248.20	4.22	
27809572	45.00	42.51	215.26	4.86	
27812556	45.00	49.07	247.94	4.20	
27815504	45.00	45.93	214.29	4.51	
27818480	45.00	45.81	229.83	4.52	
27821456	45.00	45.75	230.29	4.52	
27824436	45.00	45.74	230.46	4.52	
27827436	45.00	45.81	230.34	4.51	
27830412	45.00	45.75	229.85	4.51	
27833356	45.00	49.26	230.02	4.15	
27836336	45.00	45.75	211.58	4.49	
27839332	45.00	45.81	229.07	4.48	
27842308	45.00	45.74	228.60	4.49	
27845284	45.00	48.93	228.80	4.16	
27848232	45.00	46.06	212.03	4.44	
27851208	45.00	45.81	226.26	4.46	
27854176	45.00	45.75	227.35	4.46	
27857156	45.00	45.75	227.52	4.46	
27860132	45.00	45.74	227.37	4.46	
27863136	45.00	42.29	227.26	4.81	
27866108	45.00	45.75	245.10	4.46	
27869052	45.00	45.74	227.61	4.46	
27872032	45.00	45.75	227.49	4.46	
27875020	45.00	42.29	227.32	4.81	
27877976	45.00	45.75	245.19	4.46	
27880968	45.00	42.22	227.70	4.82	
27883928	45.00	45.75	245.89	4.47	
27886904	45.00	42.28	228.09	4.82	
27889912	45.00	42.23	245.99	4.84	
27892872	45.00	45.62	246.78	4.50	
27895836	45.00	42.34	229.64	4.84	
27898796	45.00	42.29	246.62	4.85	
27901772	45.00	42.22	247.40	4.87	
27904784	45.00	45.44	248.24	4.55	
27907724	45.00	42.51	232.03	4.85	
27910736	45.00	42.17	247.20	4.89	
27913716	45.00	45.75	249.43	4.54	
27916652	45.00	42.34	231.37	4.88	
27919644	45.00	42.23	248.97	4.90	
27922608	45.00	45.80	250.04	4.55	
27925588	45.00	45.68	231.97	4.56	
27928568	45.00	42.29	232.43	4.90	
27931528	45.00	45.74	249.99	4.56	
27934504	45.00	45.81	232.53	4.55	
27937508	45.00	42.23	232.04	4.91	
27940504	45.00	45.75	250.51	4.56	
27943460	45.00	45.74	232.73	4.56	
27946436	45.00	45.81	232.62	4.55	
27949408	45.00	45.75	232.13	4.55	
27952388	45.00	45.75	232.29	4.55	
27955364	45.00	48.93	232.15	4.22	
27958308	45.00	46.12	215.41	4.50	
27961280	45.00	45.74	229.32	4.53	
27964264	45.00	45.75	231.07	4.53	
27967260	45.00	45.75	230.90	4.52	
27970232	45.00	45.81	230.76	4.52	
27973212	45.00	48.80	230.29	4.21	
27976148	45.00	46.18	214.53	4.46	
27979148	45.00	45.74	227.46	4.50	
27982140	45.00	45.81	229.53	4.49	
27985120	45.00	45.75	229.04	4.49	
27988060	45.00	49.26	229.20	4.13	
27991032	45.00	45.75	210.75	4.48	
27994000	45.00	45.81	228.24	4.47	
27996996	45.00	45.74	227.78	4.47	
27999972	45.00	45.75	227.97	4.47	
28002956	45.00	45.75	227.80	4.46	
28005904	45.00	45.81	227.66	4.45	
28008880	45.00	45.75	227.20	4.46	
28011888	45.00	45.44	227.36	4.49	
28014864	45.00	42.51	228.84	4.78	
28017808	45.00	45.81	243.95	4.46	
28020808	45.00	42.22	227.29	4.82	
28023752	45.00	45.75	245.79	4.47	
28026724	45.00	42.22	227.99	4.83	
28029736	45.00	45.44	246.18	4.51	
28032676	45.00	42.57	229.97	4.80	
28035672	45.00	42.22	244.81	4.84	
28038660	45.00	45.75	247.09	4.50	
28041600	45.00	42.28	229.29	4.85	
28044580	45.00	42.23	247.18	4.86	
28047584	45.00	42.22	247.97	4.87	
28050564	45.00	45.75	248.53	4.52	
28053536	45.00	42.29	230.73	4.87	
28056480	45.00	45.75	248.60	4.53	
28059468	45.00	42.22	231.11	4.89	
28062432	45.00	45.75	249.30	4.54	
28065432	45.00	42.28	231.49	4.89	
28068392	45.00	45.75	249.39	4.55	
28071360	45.00	45.68	231.87	4.55	
28074356	45.00	42.28	232.05	4.89	
28077340	45.00	45.81	249.64	4.55	
28080288	45.00	45.75	231.80	4.55	
28083316	45.00	45.75	231.96	4.55	
28086292	45.00	45.75	231.82	4.54	
28089200	45.00	45.80	231.68	4.53	
28092176	45.00	45.75	231.24	4.54	
28095152	45.00	45.75	231.38	4.53	
28098160	45.00	45.75	231.24	4.53	
28101104	45.00	45.80	231.09	4.52	
28104108	45.00	45.75	230.66	4.53	
28107092	45.00	45.75	230.80	4.52	
28110068	45.00	45.75	230.65	4.52	
28113036	45.00	48.93	230.51	4.19	
28115984	45.00	46.12	213.77	4.46	
28118972	45.00	45.75	227.68	4.50	
28121948	45.00	45.74	229.40	4.50	
28124948	45.00	48.93	229.29	4.17	
28127912	45.00	45.81	212.51	4.47	
28130856	45.00	46.06	228.04	4.44	
28133832	45.00	45.75	226.59	4.47	
28136832	45.00	45.81	228.00	4.46	
28139812	45.00	45.74	227.54	4.47	
28142788	45.00	45.75	227.73	4.46	
28145764	45.00	45.75	227.56	4.46	
28148732	45.00	45.81	227.42	4.45	
28151708	45.00	45.74	226.95	4.45	
28154656	45.00	45.75	227.15	4.45	
28157632	45.00	45.75	226.98	4.45	
28160652	45.00	45.44	226.84	4.48	
28163588	45.00	42.57	228.28	4.77	
28166572	45.00	42.23	243.15	4.81	
28169532	45.00	45.75	245.38	4.46	
28172544	45.00	45.56	227.60	4.48	
28175512	45.00	42.46	228.44	4.79	
28178488	45.00	42.22	244.47	4.83	
28181432	45.00	45.75	246.18	4.48	
28184396	45.00	42.29	228.38	4.83	
28187420	45.00	42.22	246.24	4.84	
28190352	45.00	45.75	247.09	4.50	
28193360	45.00	42.17	229.29	4.86	
28196312	45.00	45.75	247.77	4.50	
28199296	45.00	42.34	229.69	4.85	
28202260	45.00	45.75	247.26	4.51	
28205232	45.00	42.22	230.05	4.87	
28208240	45.00	45.44	248.25	4.55	
28211172	45.00	42.57	232.03	4.84	
28214152	45.00	45.75	246.90	4.53	
28217144	45.00	42.23	230.82	4.88	
28220132	45.00	45.80	248.99	4.53	
28223080	45.00	45.75	230.92	4.53	
28226056	45.00	45.75	231.06	4.53	
28229036	45.00	45.75	230.91	4.52	
28232020	45.00	42.28	230.77	4.88	
28234988	45.00	49.13	248.67	4.19	
28237992	45.00	45.56	213.53	4.54	
28240940	45.00	45.99	231.31	4.49	
28243912	45.00	45.68	228.96	4.52	
28246880	45.00	45.93	230.38	4.49	
28249856	45.00	45.75	228.99	4.50	
28252840	45.00	45.75	229.75	4.50	
28255836	45.00	45.68	229.61	4.51	
28258808	45.00	45.87	229.79	4.48	
28261768	45.00	49.07	228.70	4.15	
28264732	45.00	45.93	211.89	4.46	
28267708	45.00	45.81	227.45	4.47	
28270716	45.00	45.75	227.89	4.47	
28273688	45.00	45.75	228.06	4.47	
28276636	45.00	49.07	227.91	4.13	
28279600	45.00	45.99	210.50	4.43	
28282576	45.00	45.75	225.71	4.45	
28285604	45.00	45.74	226.81	4.44	
28288560	45.00	45.75	226.69	4.44	
28291536	45.00	45.81	226.52	4.43	
28294480	45.00	45.75	226.05	4.44	
28297488	45.00	42.22	226.22	4.79	
28300468	45.00	45.75	244.41	4.44	
28303416	45.00	45.81	226.61	4.43	
28306392	45.00	42.22	226.15	4.80	
28309352	45.00	45.75	244.65	4.45	
28312360	45.00	41.95	226.84	4.83	
28315304	45.00	46.11	246.48	4.42	
28318296	45.00	42.23	225.38	4.81	
28321268	45.00	45.56	245.38	4.48	
28324224	45.00	42.39	228.56	4.80	
28327232	45.00	42.29	244.94	4.82	
28330228	45.00	42.22	246.01	4.84	
28333160	45.00	45.75	246.85	4.49	
28336160	45.00	42.22	229.05	4.85	
28339120	45.00	42.29	247.25	4.85	
28342112	45.00	45.44	247.46	4.54	
28345052	45.00	42.51	231.55	4.84	
28348076	45.00	42.23	246.72	4.88	
28351008	45.00	45.80	248.67	4.52	
28353996	45.00	42.23	230.59	4.88	
28356952	45.00	45.75	249.04	4.53	
28359932	45.00	45.75	231.27	4.53	
28362936	45.00	42.28	231.12	4.88	
28365916	45.00	45.75	249.02	4.54	
28368856	45.00	45.75	231.50	4.54	
28371832	45.00	45.74	231.36	4.53	
28374800	45.00	45.81	231.24	4.52	
28377776	45.00	45.75	230.75	4.53	
28380752	45.00	45.75	230.92	4.53	
28383744	45.00	45.75	230.78	4.52	
28386764	45.00	45.80	230.63	4.51	
28389716	45.00	45.75	230.20	4.52	
28392692	45.00	45.75	230.33	4.51	
28395668	45.00	45.75	230.19	4.51	
28398636	45.00	48.93	230.05	4.18	
28401576	45.00	46.12	213.31	4.46	
28404552	45.00	45.74	227.22	4.49	
28407528	45.00	45.75	228.97	4.49	
28410532	45.00	45.81	228.80	4.48	
28413512	45.00	45.75	228.34	4.48	
28416452	45.00	49.26	228.50	4.12	
28419484	45.00	45.75	210.05	4.46	
28422436	45.00	45.80	227.54	4.45	
28425412	45.00	45.75	227.10	4.46	
28428388	45.00	45.75	227.24	4.45	
28431356	45.00	45.75	227.10	4.45	
28434332	45.00	45.80	226.96	4.44	
28437308	45.00	45.75	226.52	4.44	
28440288	45.00	45.75	226.66	4.44	
28443232	45.00	45.75	226.52	4.44	
28446216	45.00	42.28	226.37	4.79	
28449176	45.00	45.75	244.27	4.45	
28452172	45.00	42.23	226.75	4.80	
28455140	45.00	45.74	244.92	4.45	
28458136	45.00	42.29	227.17	4.80	
28461088	45.00	45.75	245.01	4.46	
28464052	45.00	42.22	227.52	4.82	
28467048	45.00	42.23	245.71	4.83	
28470008	45.00	45.68	246.21	4.49	
28472972	45.00	42.34	228.79	4.82	
28475984	45.00	42.17	246.02	4.85	
28478928	45.00	45.81	247.45	4.49	
28481932	45.00	42.29	229.04	4.85	
28484908	45.00	42.22	247.22	4.86	
28487860	45.00	45.75	248.06	4.51	
28490860	45.00	42.23	230.26	4.87	
28493800	45.00	45.80	248.43	4.52	
28496772	45.00	42.23	230.36	4.88	
28499784	45.00	45.75	248.80	4.53	
28502780	45.00	45.44	231.03	4.56	
28505720	45.00	42.57	232.50	4.85	
28508680	45.00	45.75	247.32	4.53	
28511656	45.00	45.74	231.26	4.53	
28514664	45.00	45.44	231.15	4.56	
28517632	45.00	42.23	232.57	4.89	
28520608	45.00	46.12	249.20	4.50	
28523596	45.00	45.74	229.49	4.53	
28526560	45.00	45.75	231.23	4.53	
28529532	45.00	49.07	231.07	4.19	
28532480	45.00	45.99	213.64	4.49	
28535456	45.00	45.75	228.85	4.51	
28538460	45.00	45.68	229.95	4.51	
28541436	45.00	45.86	230.13	4.49	
28544408	45.00	45.75	229.06	4.50	
28547388	45.00	45.75	229.51	4.50	
28550364	45.00	49.07	229.37	4.16	
28553308	45.00	45.99	211.94	4.45	
28556316	45.00	45.75	227.15	4.48	
28559284	45.00	45.74	228.25	4.47	
28562264	45.00	45.75	228.13	4.47	
28565200	45.00	49.33	227.96	4.10	
28568176	45.00	45.75	209.17	4.45	
28571188	45.00	45.75	226.99	4.45	
28574156	45.00	45.75	226.85	4.45	
28577104	45.00	45.80	226.71	4.44	
28580112	45.00	45.75	226.27	4.44	
28583064	45.00	45.75	226.41	4.44	
28586048	45.00	45.62	226.27	4.45	
28589048	45.00	42.39	226.76	4.77	
28592008	45.00	45.75	243.45	4.44	
28594972	45.00	42.23	226.50	4.80	
28597936	45.00	45.74	244.67	4.45	
28600920	45.00	42.29	226.92	4.80	
28603880	45.00	45.75	244.76	4.46	
28606856	45.00	42.22	227.27	4.81	
28609864	45.00	42.23	245.46	4.82	
28612840	45.00	45.44	245.97	4.51	
28615780	45.00	42.57	229.81	4.80	
28618748	45.00	42.22	244.63	4.84	
28621768	45.00	42.23	246.91	4.85	
28624704	45.00	45.81	247.41	4.50	
28627676	45.00	42.22	229.32	4.86	
28630684	45.00	42.23	247.82	4.87	
28633632	45.00	45.74	248.32	4.52	
28636620	45.00	42.29	230.57	4.87	
28639584	45.00	45.75	248.42	4.53	
28642580	45.00	42.22	230.92	4.88	
28645532	45.00	45.75	249.12	4.54	
28648544	45.00	45.44	231.31	4.56	
28651476	45.00	42.57	232.76	4.86	
28654508	45.00	45.75	247.63	4.54	
28657432	45.00	45.75	231.55	4.54	
28660432	45.00	45.44	231.40	4.57	
28663392	45.00	45.93	232.85	4.51	
28666384	45.00	45.62	230.24	4.54	
28669368	45.00	45.87	231.64	4.51	
28672316	45.00	45.81	230.24	4.52	
28675284	45.00	45.93	230.40	4.50	
28678272	45.00	45.74	229.60	4.52	
28681284	45.00	45.75	230.41	4.51	
28684236	45.00	45.81	230.24	4.51	
28687208	45.00	45.75	229.78	4.51	
28690148	45.00	49.26	229.94	4.15	
28693128	45.00	45.75	211.49	4.49	
28696140	45.00	45.80	228.98	4.48	
28699112	45.00	45.75	228.55	4.48	
28702084	45.00	49.00	228.69	4.15	
28705036	45.00	45.99	211.60	4.44	
28708036	45.00	45.81	226.48	4.46	
28711012	45.00	45.75	227.26	4.46	
28713972	45.00	45.74	227.43	4.46	
28716956	45.00	45.75	227.31	4.45	
28719932	45.00	45.81	227.14	4.44	
28722880	45.00	45.75	226.68	4.45	
28725856	45.00	45.75	226.84	4.45	
28728832	45.00	45.74	226.70	4.44	
28731820	45.00	42.29	226.59	4.79	
28734784	45.00	45.75	244.43	4.45	
28737756	45.00	45.74	226.94	4.45	
28740760	45.00	42.23	226.82	4.80	
28743744	45.00	45.44	244.96	4.49	
28746708	45.00	42.57	228.77	4.78	
28749672	45.00	42.23	243.65	4.82	
28752640	45.00	45.62	245.87	4.48	
28755596	45.00	42.39	228.73	4.81	
28758580	45.00	42.12	245.42	4.85	
28761584	45.00	45.56	247.37	4.51	
28764532	45.00	42.51	230.01	4.82	
28767536	45.00	42.28	245.74	4.85	
28770512	45.00	45.75	247.43	4.51	
28773456	45.00	42.23	229.91	4.86	
28776440	45.00	42.22	248.08	4.88	
28779408	45.00	45.81	248.64	4.52	
28782420	45.00	45.44	230.51	4.55	
28785348	45.00	42.51	232.27	4.85	
28788336	45.00	45.68	247.44	4.54	
28791320	45.00	42.34	231.39	4.88	
28794332	45.00	45.75	248.68	4.54	
28797256	45.00	45.75	231.45	4.54	
28800236	45.00	45.68	231.30	4.54	
28803232	45.00	42.34	231.48	4.88	
28806212	45.00	45.75	248.77	4.54	
28809172	45.00	45.75	231.54	4.54	
28812156	45.00	45.75	231.40	4.53	
28815124	45.00	45.80	231.25	4.53	
28818132	45.00	45.75	230.82	4.53	
28821088	45.00	45.68	230.96	4.53	
28824028	45.00	49.33	231.13	4.16	
28827004	45.00	45.81	212.03	4.50	
28830012	45.00	45.75	229.53	4.50	
28832988	45.00	45.74	229.70	4.50	
28835968	45.00	45.75	229.58	4.50	
28838900	45.00	49.33	229.41	4.13	
28841908	45.00	45.75	210.62	4.48	
28844880	45.00	45.75	228.44	4.48	
28847844	45.00	49.07	228.30	4.13	
28850832	45.00	45.68	210.87	4.46	
28853784	45.00	46.06	227.69	4.42	
28856804	45.00	45.74	225.63	4.45	
28859728	45.00	45.75	227.07	4.45	
28862720	45.00	45.81	226.90	4.44	
28865688	45.00	45.75	226.43	4.44	
28868660	45.00	45.75	226.60	4.44	
28871664	45.00	45.50	226.46	4.46	
28874620	45.00	42.51	227.61	4.77	
28877584	45.00	45.75	243.04	4.44	
28880584	45.00	45.44	226.69	4.47	
28883524	45.00	42.51	228.16	4.77	
28886532	45.00	41.94	243.28	4.84	
28889512	45.00	46.12	246.74	4.42	
28892484	45.00	42.23	225.59	4.82	
28895460	45.00	45.74	245.62	4.47	
28898404	45.00	42.29	227.87	4.82	
28901372	45.00	42.22	245.71	4.83	
28904372	45.00	42.23	246.55	4.84	
28907336	45.00	45.75	247.06	4.50	
28910320	45.00	42.28	229.28	4.85	
28913280	45.00	45.75	247.18	4.50	
28916252	45.00	42.22	229.66	4.86	
28919240	45.00	45.62	247.85	4.52	
28922232	45.00	42.40	230.69	4.85	
28925184	45.00	45.75	247.35	4.52	
28928184	45.00	42.22	230.43	4.87	
28931160	45.00	45.75	248.62	4.53	
28934140	45.00	45.50	230.82	4.55	
28937096	45.00	42.51	231.95	4.85	
28940056	45.00	45.75	247.42	4.53	
28943032	45.00	45.75	231.05	4.53	
28946032	45.00	45.50	230.91	4.55	
28948996	45.00	42.51	232.06	4.85	
28951992	45.00	45.75	247.49	4.53	
28954980	45.00	45.75	231.14	4.53	
28957912	45.00	45.80	231.00	4.52	
28960884	45.00	49.20	230.56	4.17	
28963860	45.00	45.81	212.74	4.50	
28966884	45.00	45.75	229.58	4.50	
28969836	45.00	45.81	229.75	4.50	
28972796	45.00	45.75	229.28	4.50	
28975764	45.00	49.00	229.45	4.16	
28978736	45.00	45.99	212.37	4.46	
28981704	45.00	45.81	227.28	4.47	
28984732	45.00	45.75	228.03	4.47	
28987664	45.00	45.75	228.19	4.47	
28990636	45.00	49.26	228.05	4.11	
28993668	45.00	45.81	209.60	4.45	
28996576	45.00	45.74	226.77	4.45	
28999580	45.00	45.75	226.96	4.45	
29002556	45.00	45.75	226.79	4.44	
29005532	45.00	45.81	226.65	4.44	
29008508	45.00	45.75	226.19	4.44	
29011484	45.00	45.74	226.35	4.44	
29014432	45.00	45.75	226.24	4.43	
29017440	45.00	45.81	226.07	4.42	
29020424	45.00	45.50	225.60	4.45	
29023352	45.00	42.45	227.04	4.76	
29026368	45.00	45.44	242.81	4.47	
29029300	45.00	42.57	227.75	4.76	
29032312	45.00	45.50	242.59	4.47	
29035252	45.00	42.46	227.83	4.78	
29038224	45.00	42.22	243.56	4.81	
29041236	45.00	42.17	245.26	4.82	
29044176	45.00	45.87	246.06	4.46	
29047144	45.00	42.22	227.36	4.83	
29050168	45.00	45.44	246.17	4.51	
29053104	45.00	42.57	229.95	4.80	
29056112	45.00	42.23	244.83	4.84	
29059056	45.00	45.75	247.05	4.50	
29062044	45.00	42.22	229.28	4.85	
29065004	45.00	45.81	247.47	4.50	
29067992	45.00	42.22	229.34	4.86	
29070952	45.00	45.75	247.84	4.51	
29073956	45.00	42.23	230.04	4.87	
29076932	45.00	45.81	248.21	4.51	
29079880	45.00	45.74	230.11	4.52	
29082860	45.00	45.75	230.30	4.51	
29085872	45.00	45.44	230.13	4.54	
29088852	45.00	42.57	231.61	4.83	
29091796	45.00	45.75	246.43	4.52	
29094772	45.00	45.75	230.37	4.51	
29097756	45.00	45.75	230.23	4.51	
29100732	45.00	45.81	230.09	4.50	
29103708	45.00	45.62	229.62	4.52	
29106684	45.00	49.07	230.43	4.16	
29109640	45.00	45.87	212.39	4.48	
29112608	45.00	45.98	228.25	4.46	
29115616	45.00	45.75	227.49	4.48	
29118556	45.00	45.75	228.54	4.48	
29121564	45.00	45.75	228.39	4.48	
29124524	45.00	45.81	228.25	4.47	
29127508	45.00	49.00	227.79	4.14	
29130456	45.00	45.99	211.02	4.43	
29133484	45.00	45.75	225.90	4.45	
29136436	45.00	45.81	227.00	4.44	
29139408	45.00	45.75	226.53	4.45	
29142384	45.00	45.75	226.70	4.44	
29145364	45.00	48.93	226.55	4.11	
29148308	45.00	46.12	209.81	4.39	
29151284	45.00	45.74	223.72	4.42	
29154280	45.00	45.62	225.49	4.43	
29157248	45.00	42.34	225.94	4.76	
29160204	45.00	45.81	242.89	4.42	
29163176	45.00	45.75	225.37	4.42	
29166184	45.00	42.23	225.53	4.78	
29169128	45.00	45.74	243.70	4.43	
29172136	45.00	45.44	225.98	4.46	
29175108	45.00	42.57	227.37	4.75	
29178084	45.00	42.23	242.22	4.79	
29181040	45.00	45.75	244.47	4.45	
29183996	45.00	42.29	226.70	4.80	
29186992	45.00	42.22	244.56	4.81	
29189952	45.00	45.75	245.43	4.46	
29192924	45.00	42.23	227.61	4.82	
29195920	45.00	42.29	245.77	4.82	
29198916	45.00	45.44	246.00	4.51	
29201848	45.00	42.50	230.10	4.81	
29204872	45.00	42.23	245.30	4.85	
29207808	45.00	45.81	247.21	4.49	
29210808	45.00	42.23	229.12	4.85	
29213812	45.00	45.75	247.59	4.51	
29216760	45.00	45.43	229.81	4.54	
29219700	45.00	42.57	231.31	4.83	
29222680	45.00	45.75	246.10	4.51	
29225656	45.00	45.75	230.05	4.51	
29228624	45.00	42.23	229.91	4.86	
29231652	45.00	45.81	248.07	4.51	
29234608	45.00	45.75	229.97	4.51	
29237584	45.00	45.74	230.13	4.51	
29240564	45.00	45.75	230.05	4.51	
29243536	45.00	45.81	229.85	4.50	
29246512	45.00	45.75	229.39	4.50	
29249484	45.00	45.75	229.55	4.50	
29252464	45.00	45.75	229.41	4.50	
29255412	45.00	49.13	229.27	4.15	
29258376	45.00	45.93	211.50	4.46	
29261360	45.00	45.75	227.37	4.47	
29264328	45.00	45.75	228.15	4.47	
29267332	45.00	45.81	228.01	4.46	
29270312	45.00	45.74	227.55	4.47	
29273268	45.00	45.75	227.77	4.46	
29276236	45.00	49.26	227.57	4.10	
29279204	45.00	45.81	209.12	4.44	
29282184	45.00	45.75	226.29	4.44	
29285172	45.00	45.75	226.46	4.44	
29288156	45.00	45.75	226.32	4.43	
29291132	45.00	45.81	226.17	4.43	
29294108	45.00	45.75	225.71	4.43	
29297084	45.00	45.75	225.88	4.43	
29300060	45.00	45.75	225.73	4.42	
29303012	45.00	45.80	225.59	4.42	
29305984	45.00	45.75	225.18	4.42	
29308980	45.00	42.23	225.29	4.77	
29311936	45.00	45.75	243.46	4.43	
29314948	45.00	42.29	225.68	4.78	
29317880	45.00	45.75	243.55	4.43	
29320872	45.00	42.22	226.06	4.79	
29323864	45.00	45.50	244.28	4.47	
29326804	45.00	42.51	227.72	4.77	
29329824	45.00	42.23	243.17	4.81	
29332760	45.00	45.75	245.14	4.46	