7936016 2.01    2.01    0.00
7957708 2.01    2.01    0.97
7979436 2.01    2.01    4.34
8001160 2.01    2.01    7.71
8022896 2.01    2.01    9.64
8044636 2.01    2.01    12.04
8066440 2.01    2.01    12.97
8088216 2.01    2.01    14.42
8110024 2.01    2.01    14.90
8131824 2.01    2.01    15.36
8153640 2.01    2.01    16.34
8175436 2.01    2.01    16.80
8197256 2.01    2.01    16.80
8219060 2.01    2.01    17.77
8240860 2.01    2.01    17.29
8262664 2.01    2.01    17.77
8284460 2.01    2.01    18.25
8306252 2.01    2.01    18.26
8328052 2.01    2.01    18.74
8349876 2.01    2.01    18.24
8371684 2.01    2.01    19.20
8393500 2.01    2.01    18.72
8415332 2.01    2.01    19.19
8437140 2.01    2.01    19.21
8458956 2.01    2.01    19.20
8480756 2.01    2.01    19.20
8502556 2.01    2.01    19.21
8524372 2.01    2.01    19.68
8546204 2.01    2.01    19.20
8568004 2.01    2.01    19.20
8589828 2.01    2.01    19.20
8611660 2.01    2.01    19.67
8633476 2.01    2.01    19.19
8655308 2.01    2.01    19.67
8677108 2.01    2.01    19.21
8698940 2.01    2.01    19.67
8720732 2.01    2.01    19.69
8742556 2.01    2.01    19.21
8764372 2.01    2.01    19.67
8786196 2.01    2.01    19.68
8808012 2.01    2.01    19.68
8829836 2.01    2.01    19.68
8851656 2.01    2.01    19.68
8873468 2.01    2.01    19.68
8895284 2.01    2.01    19.68
8917116 2.01    2.01    19.67
8938932 2.01    2.01    19.67
8960732 2.01    2.01    19.68
8982556 2.01    2.01    19.68
9004380 2.01    2.01    19.20
9026212 2.01    2.01    19.67
9048036 2.01    2.01    20.14
9069860 2.01    2.01    19.19
9091692 2.01    2.01    19.68
9113508 2.01    2.01    19.67
9135340 2.01    2.01    19.67
9157148 2.01    2.01    19.67
9178964 2.01    2.01    19.68
9200788 2.01    2.01    19.68
9222596 2.01    2.01    19.68
9244412 2.01    2.01    19.68
9266236 2.01    2.01    19.68
9288052 2.01    2.01    19.69
9309860 2.01    2.01    19.68
9331660 2.01    2.01    19.68
9353500 2.01    2.01    19.67
9375292 2.01    2.01    19.68
9397124 2.01    2.01    19.68
9418952 2.01    2.01    19.68
9440764 2.01    2.01    19.68
9462564 2.01    2.01    19.68
9484404 2.01    2.01    19.66
9506244 2.01    2.01    19.66
9528060 2.01    2.01    19.20
9549892 2.01    2.01    19.67
9571708 2.01    2.01    19.67
9593524 2.01    2.01    19.68
9615348 2.01    2.01    19.68
9637172 2.01    2.01    19.67
9658980 2.01    2.01    19.68
9680812 2.01    2.01    19.69
9702648 2.01    2.01    19.66
9724460 2.01    2.01    20.15
9746292 2.01    2.01    19.68
9768116 2.01    2.01    19.68
9789908 2.01    2.01    19.68
9811700 2.01    2.01    19.70
9833548 2.01    2.01    19.68
9855356 2.01    2.01    20.14
9877172 2.01    2.01    19.68
9899004 2.01    2.01    19.68
9920828 2.01    2.01    19.68
9942632 2.01    2.01    19.68
9964428 2.01    2.01    19.69
9986260 2.01    2.01    19.68
10008076        2.01    2.01    20.15
10029948        2.01    2.01    19.64
10051796        2.01    2.01    19.64
10073668        2.01    2.01    20.11
10095540        2.01    2.01    19.64
10117388        2.01    2.01    19.64
10139244        2.01    2.01    20.12
10161116        2.01    2.01    19.64
10182984        2.01    2.01    19.62
10204852        2.01    2.01    20.12
10226724        2.01    2.01    19.64
10248580        2.01    2.01    20.11
10270452        2.01    2.01    19.64
10292308        2.01    2.01    19.64
10314188        2.01    2.01    19.63
10336052        2.01    2.01    19.63
10357908        2.01    2.01    19.64
10379788        2.01    2.01    20.11
10401644        2.01    2.01    19.64
10423508        2.01    2.01    20.11
10445388        2.01    2.01    19.64
10467228        2.01    2.01    19.64
10489092        2.01    2.01    20.12
10510968        2.01    2.01    19.64
10532812        2.01    2.01    19.64
10554676        2.01    2.01    19.64
10576532        2.01    2.01    19.64
10598388        2.01    2.01    20.12
10620268        2.01    2.01    19.64
10642124        2.01    2.01    19.64
10663980        2.01    2.01    19.64
10685860        2.01    2.01    19.64
10707732        2.01    2.01    20.10
10729588        2.01    2.01    19.64
10751428        2.01    2.01    19.65
10773292        2.01    2.01    20.12
10795164        2.01    2.01    19.63
10817036        2.01    2.01    19.63
10838908        2.01    2.01    20.11
10860764        2.01    2.01    19.63
10882620        2.01    2.01    20.12
10904492        2.01    2.01    19.64
10926356        2.01    2.01    20.10
10948228        2.01    2.01    19.64
10970084        2.01    2.01    19.64
10991932        2.01    2.01    19.64
11013812        2.01    2.01    20.12
11035668        2.01    2.01    19.63
11057540        2.01    2.01    20.10
11079412        2.01    2.01    19.64
11101268        2.01    2.01    19.64
11123148        2.01    2.01    20.11
11145004        2.01    2.01    19.64
11166892        2.01    2.01    20.11
11188732        2.01    2.01    19.64
11210588        2.01    2.01    20.12
11232460        2.01    2.01    19.64
11254332        2.01    2.01    20.12
11276172        2.01    2.01    19.64
11298052        2.01    2.01    20.12
11319900        2.01    2.01    19.64
11341756        2.01    2.01    20.12
11363604        2.01    2.01    20.13
11385468        2.01    2.01    19.64
11407344        2.01    2.01    20.12
11429228        2.01    2.01    20.11
11451108        2.01    2.01    20.10
11472976        2.01    2.01    20.11
11494860        2.01    2.01    20.09
11516708        2.01    2.01    20.13
11538596        2.01    2.01    20.10
11560452        2.01    2.01    20.58
11582308        2.01    2.01    20.12
11604188        2.01    2.01    20.60
11626028        2.01    2.01    20.12
11647892        2.01    2.01    20.60
11669756        2.01    2.01    20.59
11691612        2.01    2.01    20.60
11713468        2.01    2.01    20.60
11735332        2.01    2.01    20.60
11757212        2.01    2.01    21.08
11779068        2.01    2.01    20.60
11800940        2.01    2.01    20.58
11822812        2.01    2.01    20.59
11844692        2.01    2.01    20.58
11866564        2.01    2.01    20.58
11888436        2.01    2.01    20.59
11910292        2.01    2.01    20.60
11932164        2.01    2.01    20.59
11954020        2.01    2.01    20.60
11975900        2.01    2.01    20.58
11997756        2.01    2.01    21.06
12019628        2.01    2.01    21.09
12041484        2.01    2.01    21.08
12063316        2.01    2.01    20.61
12085180        2.01    2.01    21.08
12107036        2.01    2.01    21.07
12128892        2.01    2.01    21.09
12150764        2.01    2.01    21.08
12172628        2.01    2.01    21.07
12194492        2.01    2.01    21.08
12216368        2.01    2.01    21.07
12238244        2.01    2.01    21.07
12260116        2.01    2.01    21.06
12281996        2.01    2.01    21.06
12303844        2.01    2.01    21.06
12325700        2.01    2.01    21.09
12347564        2.01    2.01    21.08
12369428        2.01    2.01    21.56
12391276        2.01    2.01    21.08
12413132        2.01    2.01    21.56
12435004        2.01    2.01    21.08
12456852        2.01    2.01    21.07
12478724        2.01    2.01    21.56
12500580        2.01    2.01    21.07
12522452        2.01    2.01    21.09
12544308        2.01    2.01    21.06
12566164        2.01    2.01    20.61
12588028        2.01    2.01    21.07
12609884        2.01    2.01    21.08
12631740        2.01    2.01    21.09
12653628        2.01    2.01    21.55
12675484        2.01    2.01    21.07
12697348        2.01    2.01    21.07
12719236        2.01    2.01    21.55
12741108        2.01    2.01    21.05
12762976        2.01    2.01    21.55
12784852        2.01    2.01    21.55
12806724        2.01    2.01    21.55
12828564        2.01    2.01    21.08
12850436        2.01    2.01    21.56
12872308        2.01    2.01    21.54
12894164        2.01    2.01    21.55
12916028        2.01    2.01    21.07
12937884        2.01    2.01    21.56
12959756        2.01    2.01    21.55
12981620        2.01    2.01    21.07
13003468        2.01    2.01    21.08
13025332        2.01    2.01    21.56
13047212        2.01    2.01    21.55
13069052        2.01    2.01    21.07
13090916        2.01    2.01    21.56
13112788        2.01    2.01    21.55
13134660        2.01    2.01    21.55
13156548        2.01    2.01    21.54
13178412        2.01    2.01    21.54
13200284        2.01    2.01    21.55
13222140        2.01    2.01    21.54
13243996        2.01    2.01    21.57
13265852        2.01    2.01    22.04
13287724        2.01    2.01    21.56
13309580        2.01    2.01    21.56
13331444        2.01    2.01    21.54
13353308        2.01    2.01    21.55
13375164        2.01    2.01    21.56
13397052        2.01    2.01    22.03
13418900        2.01    2.01    21.56
13440756        2.01    2.01    21.55
13462628        2.01    2.01    21.56
13484500        2.01    2.01    22.03
13506356        2.01    2.01    21.55
13528228        2.01    2.01    21.55
13550100        2.01    2.01    22.03
13571956        2.01    2.01    21.55
13593836        2.01    2.01    22.03
13615692        2.01    2.01    21.55
13637564        2.01    2.01    22.04
13659420        2.01    2.01    21.55
13681292        2.01    2.01    22.04
13703164        2.01    5.00    21.55
13725060        2.01    5.00    23.93
13746948        2.01    5.00    26.79
13768840        2.01    5.00    29.16
13790748        2.01    5.00    30.59
13812672        2.01    5.00    31.56
13834580        2.01    5.00    32.96
13856508        2.01    5.00    32.96
13878416        2.01    5.00    33.46
13900300        2.01    5.00    33.94
13922228        2.01    5.00    33.94
13944124        2.01    5.00    34.42
13966036        2.01    5.00    34.42
13987968        2.01    5.00    34.86
14009864        2.01    5.00    34.91
14031804        2.01    5.00    34.87
14053732        2.01    5.00    35.32
14075636        2.01    5.00    35.38
14097568        2.01    5.00    34.86
14119508        2.01    5.00    35.32
14141448        2.01    5.00    34.86
14163348        2.01    5.00    35.37
14185276        2.01    5.00    34.87
14207208        2.01    5.00    35.33
14229136        2.01    5.00    35.34
14251064        2.01    5.00    35.33
14272988        2.01    5.00    34.88
14294884        2.01    5.00    34.91
14316820        2.01    5.00    35.33
14338760        2.01    5.00    35.34
14360696        2.01    5.00    35.78
14382620        2.01    5.00    35.82
14404540        2.01    5.00    35.82
14426456        2.01    5.00    36.30
14448380        2.01    5.00    35.84
14470296        2.01    5.00    36.30
14492240        2.01    5.00    35.84
14514168        2.01    5.00    36.73
14536084        2.01    5.00    36.30
14557996        2.01    5.00    36.33
14579944        2.01    5.00    36.28
14601864        2.01    5.00    36.29
14623800        2.01    5.00    36.30
14645724        2.01    5.00    36.29
14667660        2.01    5.00    36.31
14689596        2.01    5.00    36.75
14711524        2.01    5.00    36.29
14733464        2.01    5.00    36.76
14755380        2.01    5.00    36.76
14777304        2.01    5.00    36.32
14799244        2.01    5.00    36.28
14821156        2.01    5.00    36.77
14843072        2.01    5.00    36.32
14865008        2.01    5.00    36.32
14886960        2.01    5.00    36.71
14908888        2.01    5.00    36.28
14930804        2.01    5.00    36.29
14952748        2.01    5.00    35.84
14974684        2.01    5.00    36.27
14996608        2.01    5.00    36.27
15018508        2.01    5.00    36.33
15040452        2.01    5.00    36.30
15062372        2.01    5.00    36.29
15084276        2.01    5.00    36.33
15106248        2.01    5.00    36.73
15128176        2.01    5.00    36.28
15150112        2.01    5.00    36.29
15172036        2.01    5.00    36.77
15193960        2.01    5.00    36.32
15215904        2.01    5.00    36.27
15237816        2.01    5.00    36.28
15259752        2.01    5.00    36.29
15281676        2.01    5.00    35.85
15303604        2.01    5.00    36.30
15325524        2.01    5.00    36.28
15347460        2.01    5.00    35.86
15369400        2.01    5.00    36.25
15391308        2.01    5.00    36.29
15413244        2.01    5.00    35.86
15435172        2.01    5.00    36.26
15457100        2.01    5.00    36.29
15478996        2.01    5.00    36.33
15500920        2.01    5.00    36.31
15522880        2.01    5.00    36.29
15544820        2.01    5.00    36.73
15566744        2.01    5.00    36.76
15588660        2.01    5.00    36.77
15610588        2.01    5.00    36.78
15632504        2.01    5.00    36.79
15654444        2.01    5.00    36.78
15676372        2.01    5.00    36.78
15698308        2.01    5.00    36.76
15720236        2.01    5.00    36.77
15742172        2.01    5.00    36.76
15764108        2.01    5.00    37.24
15786040        2.01    5.00    36.75
15807984        2.01    5.00    36.76
15829916        2.01    5.00    36.30
15851852        2.01    5.00    36.75
15873780        2.01    5.00    36.78
15895712        2.01    5.00    36.29
15917628        2.01    5.00    36.77
15939552        2.01    5.00    36.33
15961484        2.01    5.00    36.75
15983404        2.01    5.00    36.77
16005340        2.01    5.00    36.31
16027244        2.01    5.00    36.77
16049176        2.01    5.00    36.33
16071112        2.01    5.00    36.76
16093044        2.01    5.00    36.77
16114972        2.01    5.00    36.29
16136900        2.01    5.00    36.78
16158816        2.01    5.00    36.77
16180756        2.01    5.00    36.33
16202660        2.01    5.00    36.75
16224604        2.01    5.00    36.30
16246540        2.01    5.00    36.30
16268472        2.01    5.00    36.75
16290404        2.01    5.00    36.29
16312316        2.01    5.00    36.77
16334260        2.01    5.00    36.33
16356188        2.01    5.00    36.74
16378108        2.01    5.00    36.77
16400036        2.01    5.00    36.77
16421948        2.01    5.00    36.81
16443852        2.01    5.00    36.80
16465788        2.01    5.00    36.81
16487724        2.01    5.00    36.74
16509644        2.01    5.00    37.25
16531576        2.01    5.00    36.78
16553484        2.01    5.00    37.25
16575412        2.01    5.00    36.81
16597348        2.01    5.00    37.24
16619276        2.01    5.00    36.77
16641200        2.01    5.00    37.24
16663156        2.01    5.00    36.77
16685088        2.01    5.00    37.22
16707020        2.01    5.00    37.24
16728940        2.01    5.00    36.77
16750868        2.01    5.00    36.78
16772804        2.01    5.00    36.78
16794736        2.01    5.00    36.75
16816660        2.01    5.00    36.77
16838588        2.01    5.00    36.77
16860516        2.01    5.00    36.77
16882452        2.01    5.00    36.75
16904392        2.01    5.00    36.28
16926332        2.01    5.00    36.28
16948272        2.01    5.00    36.29
16970216        2.01    5.00    36.25
16992132        2.01    5.00    36.29
17014060        2.01    5.00    36.33
17035972        2.01    5.00    36.76
17057912        2.01    5.00    36.77
17079828        2.01    5.00    36.79
17101732        2.01    5.00    36.81
17123644        2.01    5.00    36.79
17145564        2.01    5.00    36.81
17167508        2.01    5.00    36.75
17189452        2.01    5.00    36.30
17211380        2.01    5.00    36.75
17233308        2.01    5.00    36.77
17255220        2.01    5.00    36.78
17277128        2.01    5.00    36.81
17299060        2.01    5.00    36.79
17320984        2.01    5.00    36.76
17342932        2.01    5.00    36.31
17364860        2.01    5.00    36.74
17386796        2.01    5.00    36.29
17408724        2.01    5.00    36.29
17430656        2.01    5.00    36.29
17452540        2.01    5.00    36.33
17474468        2.01    5.00    35.84
17496380        2.01    5.00    36.29
17518308        2.01    5.00    35.86
17540248        2.01    5.00    36.27
17562184        2.01    5.00    36.28
17584104        2.01    5.00    36.28
17606036        2.01    5.00    36.30
17627964        2.01    5.00    36.30
17649896        2.01    5.00    36.28
17671828        2.01    5.00    36.29
17693760        2.01    5.00    36.28
17715684        2.01    5.00    36.30
17737612        2.01    5.00    36.30
17759524        2.01    5.00    36.77
17781452        2.01    5.00    36.33
17803392        2.01    5.00    36.76
17825328        2.01    5.00    36.28
17847232        2.01    5.00    36.76
17869164        2.01    5.00    36.33
17891084        2.01    5.00    36.78
17913016        2.01    5.00    36.78
17934948        2.01    5.00    36.77
17956872        2.01    5.00    36.76
17978828        2.01    5.00    36.75
18000756        2.01    5.00    36.29
18022684        2.01    5.00    36.29
18044604        2.01    5.00    36.77
18066536        2.01    5.00    36.31
18088464        2.01    5.00    36.76
18110372        2.01    5.00    36.30
18132308        2.01    5.00    36.32
18154220        2.01    5.00    35.81
18176176        2.01    5.00    35.33
18198100        2.01    5.00    34.85
18220028        2.01    5.00    35.35
18241972        2.01    5.00    34.86
18263868        2.01    5.00    34.89
18285780        2.01    5.00    35.35
18307708        2.01    5.00    34.89
18329640        2.01    5.00    34.85
18351568        2.01    5.00    35.34
18373476        2.01    5.00    35.37
18395428        2.01    5.00    34.85
18417344        2.01    5.00    35.31
18439288        2.01    5.00    35.34
18461196        2.01    5.00    35.33
18483108        2.01    5.00    35.38
18505044        2.01    5.00    35.36
18526988        2.01    5.00    35.33
18548928        2.01    5.00    35.78
18570844        2.01    5.00    35.37
18592764        2.01    5.00    35.79
18614700        2.01    5.00    35.37
18636636        2.01    5.00    35.80
18658544        2.01    5.00    35.82
18680476        2.01    5.00    35.34
18702408        2.01    5.00    35.80
18724332        2.01    5.00    35.82
18746260        2.01    5.00    35.82
18768192        2.01    5.00    36.27
18790108        2.01    5.00    35.83
18812040        2.01    5.00    35.84
18833980        2.01    5.00    35.81
18855884        2.01    5.00    36.27
18877812        2.01    5.00    35.86
18899724        2.01    5.00    36.29
18921664        2.01    5.00    35.85
18943572        2.01    5.00    36.27
18965492        2.01    5.00    35.86
18987420        2.01    5.00    35.82
19009348        2.01    5.00    35.82
19031292        2.01    5.00    35.78
19053204        2.01    5.00    36.31
19075128        2.01    5.00    35.82
19097052        2.01    5.00    35.82
19118960        2.01    5.00    35.85
19140876        2.01    5.00    35.84
19162820        2.01    5.00    35.82
19184744        2.01    5.00    36.28
19206672        2.01    5.00    35.83
19228616        2.01    5.00    35.79
19250548        2.01    5.00    36.29
19272452        2.01    5.00    35.86
19294368        2.01    5.00    36.29
19316292        2.01    5.00    35.84
19338204        2.01    5.00    36.31
19360140        2.01    5.00    35.84
19382060        2.01    5.00    36.29
19403980        2.01    5.00    36.29
19425908        2.01    5.00    35.84
19447840        2.01    5.00    36.29
19469768        2.01    5.00    36.29
19491692        2.01    5.00    35.82
19513612        2.01    5.00    36.29
19535556        2.01    5.00    36.27
19557496        2.01    5.00    35.83
19579424        2.01    5.00    36.28
19601356        2.01    5.00    35.81
19623276        2.01    5.00    36.29
19645204        2.01    5.00    35.84
19667144        2.01    5.00    36.28
