6558188 3.01    3.01    0.00
6579884 3.01    3.01    1.45
6601628 3.01    3.01    5.30
6623352 3.01    3.01    9.15
6645080 3.01    3.01    11.56
6666896 3.01    3.01    12.49
6688696 3.01    3.01    13.93
6710492 3.01    3.01    14.88
6732280 3.01    3.01    15.85
6754084 3.01    3.01    16.34
6775896 3.01    3.01    17.77
6797724 3.01    3.01    18.23
6819556 3.01    3.01    18.72
6841388 3.01    3.01    19.19
6863200 3.01    3.01    19.19
6885004 3.01    3.01    19.20
6906820 3.01    3.01    19.20
6928648 3.01    3.01    19.19
6950448 3.01    3.01    18.73
6972268 3.01    3.01    18.73
6994100 3.01    3.01    18.23
7015920 3.01    3.01    18.22
7037756 3.01    3.01    17.76
7059572 3.01    3.01    17.75
7081396 3.01    3.01    18.25
7103220 3.01    3.01    18.23
7125052 3.01    3.01    18.71
7146868 3.01    3.01    18.72
7168708 3.01    3.01    19.66
7190524 3.01    3.01    19.66
7212352 3.01    3.01    19.67
7234184 3.01    3.01    19.20
7256012 3.01    3.01    19.67
7277820 3.01    3.01    19.19
7299652 3.01    3.01    18.72
7321468 3.01    3.01    18.72
7343300 3.01    3.01    18.23
7365124 3.01    3.01    18.23
7386928 3.01    3.01    17.76
7408772 3.01    3.01    18.23
7430600 3.01    3.01    18.23
7452420 3.01    3.01    18.23
7474268 3.01    3.01    19.18
7496068 3.01    3.01    19.19
7517888 3.01    3.01    19.68
7539708 3.01    3.01    19.67
7561536 3.01    3.01    19.68
7583360 3.01    3.01    19.68
7605204 3.01    3.01    19.66
7627016 3.01    3.01    18.71
7648824 3.01    3.01    18.73
7670628 3.01    3.01    18.73
7692460 3.01    3.01    18.23
7714276 3.01    3.01    17.75
7736092 3.01    3.01    17.77
7757924 3.01    3.01    18.22
7779728 3.01    3.01    18.73
7801564 3.01    3.01    18.72
7823380 3.01    3.01    19.19
7845200 3.01    3.01    19.67
7867016 3.01    3.01    19.68
7888832 3.01    3.01    20.16
7910668 3.01    3.01    19.67
7932472 3.01    3.01    19.20
7954288 3.01    3.01    19.68
7976132 3.01    3.01    18.72
7997952 3.01    3.01    18.22
8019768 3.01    3.01    18.72
8041596 3.01    3.01    18.24
8063420 3.01    3.01    17.75
8085232 3.01    3.01    18.25
8107076 3.01    3.01    18.23
8128888 3.01    3.01    18.71
8150720 3.01    3.01    18.71
8172572 3.01    3.01    19.66
8194388 3.01    3.01    19.67
8216208 3.01    3.01    19.68
8238024 3.01    3.01    19.68
8259832 3.01    3.01    19.19
8281648 3.01    3.01    19.20
8303448 3.01    3.01    18.73
8325276 3.01    3.01    18.71
8347112 3.01    3.01    17.75
8368940 3.01    3.01    18.23
8390772 3.01    3.01    17.75
8412584 3.01    3.01    17.75
8434396 3.01    3.01    17.75
8456228 3.01    3.01    17.75
8478032 3.01    3.01    18.25
8499860 3.01    3.01    19.20
8521660 3.01    3.01    19.20
8543488 3.01    3.01    19.68
8565288 3.01    3.01    19.69
8587104 3.01    3.01    20.16
8608932 3.01    3.01    19.19
8630768 3.01    3.01    19.67
8652568 3.01    3.01    18.72
8674396 3.01    3.01    18.71
8696224 3.01    3.01    18.71
8718048 3.01    3.01    18.71
8739868 3.01    3.01    18.72
8761688 3.01    3.01    18.23
8783492 3.01    3.01    18.73
8805304 3.01    3.01    18.73
8827128 3.01    3.01    19.19
8848960 3.01    3.01    19.68
8870760 3.01    3.01    19.68
8892588 3.01    3.01    19.19
8914408 3.01    3.01    19.67
8936240 3.01    3.01    19.68
8958068 3.01    3.01    19.67
8979896 3.01    3.01    19.19
9001696 3.01    3.01    19.20
9023508 3.01    3.01    19.21
9045332 3.01    3.01    19.20
9067136 3.01    3.01    18.72
9088944 3.01    3.01    18.73
9110780 3.01    3.01    19.19
9132604 3.01    3.01    19.20
9154428 3.01    3.01    19.19
9176268 3.01    3.01    20.13
9198076 3.01    3.01    20.16
9219904 3.01    3.01    19.67
9241748 3.01    3.01    20.15
9263576 3.01    3.01    20.15
9285392 3.01    3.01    20.15
9307220 3.01    3.01    19.19
9329040 3.01    3.01    19.67
9350872 3.01    3.01    19.67
9372716 3.01    3.01    19.19
9394520 3.01    3.01    19.20
9416344 3.01    3.01    18.72
9438176 3.01    3.01    19.19
9460000 3.01    3.01    19.66
9481824 3.01    3.01    19.20
9503664 3.01    3.01    20.15
9525484 3.01    3.01    20.15
9547308 3.01    3.01    20.16
9569152 3.01    3.01    20.14
9590992 3.01    3.01    20.60
9612816 3.01    3.01    20.16
9634632 3.01    3.01    20.64
9656460 3.01    3.01    19.67
9678288 3.01    3.01    19.69
9700104 3.01    3.01    19.19
9721916 3.01    3.01    19.19
9743744 3.01    3.01    19.19
9765568 3.01    3.01    19.19
9787396 3.01    3.01    19.67
9809200 3.01    3.01    19.69
9831024 3.01    3.01    20.16
9852872 3.01    3.01    20.15
9874692 3.01    3.01    21.10
9896504 3.01    3.01    20.64
9918320 3.01    3.01    20.64
9940148 3.01    3.01    20.63
9961968 3.01    3.01    20.63
9983792 3.01    3.01    19.68
10005644        3.01    3.01    20.15
10027512        3.01    3.01    19.63
10049372        3.01    3.01    19.63
10071228        3.01    3.01    19.63
10093108        3.01    3.01    19.63
10114960        3.01    3.01    19.64
10136844        3.01    3.01    20.11
10158724        3.01    3.01    20.58
10180572        3.01    3.01    20.60
10202460        3.01    3.01    21.07
10224300        3.01    3.01    20.60
10246180        3.01    3.01    20.59
10268052        3.01    3.01    20.59
10289904        3.01    3.01    20.12
10311780        3.01    3.01    20.11
10333640        3.01    3.01    20.12
10355520        3.01    3.01    19.64
10377380        3.01    3.01    19.63
10399260        3.01    3.01    19.63
10421124        3.01    3.01    19.63
10442996        3.01    3.01    20.11
10464844        3.01    3.01    20.11
10486728        3.01    3.01    20.60
10508600        3.01    3.01    21.06
10530452        3.01    3.01    21.08
10552340        3.01    3.01    21.07
10574192        3.01    3.01    20.58
10596068        3.01    3.01    20.60
10617940        3.01    3.01    20.11
10639820        3.01    3.01    20.09
10661664        3.01    3.01    20.12
10683548        3.01    3.01    19.63
10705412        3.01    3.01    19.64
10727264        3.01    3.01    19.64
10749140        3.01    3.01    20.11
10771020        3.01    3.01    20.11
10792912        3.01    3.01    21.05
10814760        3.01    3.01    20.60
10836624        3.01    3.01    21.07
10858488        3.01    3.01    21.07
10880352        3.01    3.01    21.07
10902220        3.01    3.01    21.08
10924108        3.01    3.01    20.59
10945996        3.01    3.01    20.09
10967852        3.01    3.01    20.58
10989724        3.01    3.01    20.11
11011592        3.01    3.01    19.63
11033468        3.01    3.01    20.12
11055336        3.01    3.01    20.11
11077208        3.01    3.01    20.58
11099088        3.01    3.01    20.12
11120968        3.01    3.01    21.05
11142824        3.01    3.01    21.07
11164708        3.01    3.01    21.07
11186584        3.01    3.01    21.06
11208456        3.01    3.01    21.07
11230324        3.01    3.01    20.58
11252192        3.01    3.01    20.59
11274072        3.01    3.01    20.60
11295944        3.01    3.01    20.09
11317800        3.01    3.01    20.12
11339664        3.01    3.01    20.12
11361536        3.01    3.01    20.11
11383412        3.01    3.01    20.60
11405280        3.01    3.01    20.58
11427164        3.01    3.01    21.07
11449020        3.01    3.01    21.08
11470892        3.01    3.01    21.08
11492744        3.01    3.01    21.06
11514600        3.01    3.01    20.61
11536492        3.01    3.01    21.07
11558352        3.01    3.01    20.58
11580216        3.01    3.01    20.60
11602108        3.01    3.01    20.11
11623980        3.01    3.01    20.09
11645840        3.01    3.01    20.12
11667712        3.01    3.01    19.63
11689588        3.01    3.01    20.60
11711468        3.01    3.01    20.58
11733360        3.01    3.01    21.06
11755208        3.01    3.01    20.60
11777092        3.01    3.01    21.07
11798960        3.01    3.01    20.58
11820824        3.01    3.01    21.07
11842708        3.01    3.01    21.07
11864568        3.01    3.01    20.58
11886440        3.01    3.01    20.60
11908328        3.01    3.01    20.58
11930192        3.01    3.01    20.12
11952056        3.01    3.01    19.63
11973944        3.01    3.01    20.10
11995804        3.01    3.01    20.11
12017668        3.01    3.01    20.11
12039552        3.01    3.01    21.07
12061408        3.01    3.01    20.59
12083292        3.01    3.01    21.07
12105144        3.01    3.01    20.60
12127008        3.01    3.01    21.07
12148876        3.01    3.01    20.60
12170760        3.01    3.01    21.07
12192632        3.01    3.01    20.59
12214504        3.01    3.01    20.11
12236380        3.01    3.01    20.58
12258264        3.01    3.01    20.11
12280136        3.01    3.01    20.57
12302016        3.01    3.01    20.60
12323876        3.01    3.01    20.59
12345760        3.01    3.01    21.07
12367600        3.01    3.01    20.60
12389476        3.01    3.01    21.07
12411348        3.01    3.01    21.07
12433192        3.01    3.01    21.08
12455076        3.01    3.01    21.07
12476952        3.01    3.01    21.06
12498824        3.01    3.01    20.59
12520712        3.01    3.01    20.58
12542600        3.01    3.01    20.57
12564456        3.01    3.01    20.11
12586328        3.01    3.01    20.11
12608216        3.01    3.01    20.58
12630092        3.01    3.01    20.11
12651980        3.01    3.01    21.06
12673856        3.01    3.01    20.58
12695732        3.01    3.01    21.06
12717608        3.01    3.01    21.07
12739444        3.01    3.01    21.08
12761320        3.01    3.01    21.08
12783176        3.01    3.01    21.07
12805052        3.01    3.01    21.08
12826916        3.01    3.01    20.60
12848800        3.01    3.01    20.58
12870668        3.01    3.01    20.58
12892528        3.01    3.01    20.12
12914392        3.01    3.01    20.60
12936268        3.01    3.01    20.59
12958152        3.01    3.01    21.07
12980020        3.01    3.01    21.06
13001900        3.01    3.01    21.06
13023744        3.01    3.01    21.08
13045616        3.01    3.01    21.56
13067488        3.01    3.01    21.05
13089360        3.01    3.01    21.55
13111240        3.01    3.01    21.07
13133116        3.01    3.01    20.58
13154984        3.01    3.01    20.11
13176868        3.01    3.01    20.11
13198720        3.01    3.01    19.63
13220584        3.01    3.01    20.12
13242460        3.01    3.01    19.63
13264328        3.01    3.01    20.58
13286188        3.01    3.01    20.60
13308084        3.01    3.01    21.55
13329952        3.01    3.01    21.05
13351808        3.01    3.01    21.56
13373676        3.01    3.01    21.07
13395548        3.01    3.01    21.56
13417428        3.01    3.01    21.06
13439296        3.01    3.01    20.58
13461172        3.01    3.01    20.60
13483044        3.01    3.01    20.11
13504896        3.01    3.01    19.63
13526744        3.01    3.01    19.65
13548620        3.01    3.01    20.11
13570508        3.01    3.01    20.10
13592360        3.01    3.01    20.60
13614252        3.01    3.01    21.55
13636120        3.01    3.01    21.05
13657976        3.01    3.01    21.56
13679864        3.01    3.01    21.55
13701740        3.01    3.01    21.53
13723592        3.01    3.01    21.07
13745468        3.01    3.01    21.07
13767328        3.01    3.01    21.07
13789196        3.01    3.01    20.59
13811064        3.01    3.01    20.59
13832928        3.01    3.01    20.12
13854804        3.01    3.01    20.58
13876688        3.01    3.01    20.59
13898552        3.01    3.01    21.06
13920436        3.01    3.01    21.55
13942304        3.01    3.01    21.06
13964160        3.01    3.01    21.56
13986048        3.01    3.01    21.55
14007912        3.01    3.01    21.06
14029792        3.01    3.01    21.07
14051672        3.01    3.01    21.54
14073536        3.01    3.01    20.58
14095428        3.01    3.01    20.59
14117292        3.01    3.01    20.11
14139160        3.01    3.01    19.63
14161036        3.01    3.01    20.10
14182916        3.01    3.01    20.11
14204776        3.01    3.01    20.59
14226652        3.01    3.01    21.06
14248508        3.01    3.01    21.09
14270368        3.01    3.01    21.55
14292248        3.01    3.01    21.07
14314100        3.01    3.01    21.07
14335976        3.01    3.01    21.56
14357848        3.01    3.01    21.07
14379704        3.01    3.01    20.60
14401580        3.01    3.01    20.11
14423456        3.01    3.01    20.57
14445320        3.01    3.01    20.11
14467212        3.01    3.01    20.11
14489064        3.01    3.01    20.11
14510932        3.01    3.01    21.07
14532796        3.01    3.01    21.07
14554656        3.01    3.01    21.56
14576520        3.01    3.01    21.07
14598400        3.01    3.01    21.55
14620240        3.01    3.01    21.56
14642104        3.01    3.01    21.08
14663980        3.01    3.01    21.07
14685856        3.01    3.01    21.55
14707724        3.01    3.01    20.59
14729592        3.01    3.01    20.58
14751456        3.01    3.01    20.59
14773332        3.01    3.01    20.11
14795220        3.01    3.01    20.10
14817072        3.01    3.01    20.59
14838964        3.01    3.01    21.07
14860824        3.01    3.01    21.53
14882688        3.01    3.01    21.56
14904552        3.01    3.01    21.55
14926412        3.01    3.01    21.08
14948288        3.01    3.01    21.07
14970164        3.01    3.01    21.55
14992028        3.01    3.01    21.07
15013900        3.01    3.01    20.60
15035780        3.01    3.01    20.57
15057660        3.01    5.00    20.58
15079576        3.01    5.00    22.00
15101472        3.01    5.00    22.96
15123360        3.01    5.00    24.86
15145244        3.01    5.00    24.87
15167148        3.01    5.00    25.83
15189036        3.01    5.00    25.83
15210936        3.01    5.00    25.82
15232828        3.01    5.00    25.83
15254740        3.01    5.00    25.83
15276640        3.01    5.00    25.35
15298532        3.01    5.00    25.82
15320424        3.01    5.00    25.35
15342300        3.01    5.00    25.36
15364200        3.01    5.00    25.35
15386092        3.01    5.00    25.83
15407980        3.01    5.00    25.83
15429876        3.01    5.00    25.83
15451776        3.01    5.00    26.31
15473660        3.01    5.00    25.83
15495564        3.01    5.00    26.31
15517436        3.01    5.00    25.84
15539352        3.01    5.00    25.84
15561256        3.01    5.00    25.83
15583148        3.01    5.00    25.81
15605044        3.01    5.00    25.81
15626932        3.01    5.00    25.84
15648832        3.01    5.00    26.31
15670744        3.01    5.00    26.29
15692636        3.01    5.00    26.29
15714544        3.01    5.00    26.78
15736436        3.01    5.00    26.30
15758352        3.01    5.00    26.78
15780244        3.01    5.00    26.30
15802132        3.01    5.00    26.29
15824024        3.01    5.00    26.31
15845916        3.01    5.00    26.31
15867820        3.01    5.00    26.31
15889724        3.01    5.00    26.76
15911628        3.01    5.00    27.27
15933544        3.01    5.00    26.78
15955436        3.01    5.00    27.70
15977356        3.01    5.00    27.27
15999268        3.01    5.00    27.24
16021140        3.01    5.00    27.25
16043072        3.01    5.00    27.25
16064972        3.01    5.00    26.78
16086852        3.01    5.00    26.79
16108736        3.01    5.00    26.79
16130628        3.01    5.00    27.26
16152548        3.01    5.00    27.27
16174460        3.01    5.00    27.70
16196332        3.01    5.00    27.74
16218240        3.01    5.00    27.74
16240144        3.01    5.00    27.73
16262036        3.01    5.00    27.25
16283928        3.01    5.00    27.26
16305820        3.01    5.00    27.27
16327736        3.01    5.00    27.26
16349620        3.01    5.00    27.74
16371508        3.01    5.00    27.74
16393424        3.01    5.00    28.22
16415316        3.01    5.00    27.72
16437204        3.01    5.00    28.22
16459132        3.01    5.00    28.20
16481040        3.01    5.00    27.25
16502944        3.01    5.00    27.71
16524836        3.01    5.00    27.26
16546724        3.01    5.00    27.27
16568620        3.01    5.00    27.27
16590508        3.01    5.00    27.74
16612408        3.01    5.00    27.74
16634308        3.01    5.00    27.74
16656224        3.01    5.00    28.20
16678112        3.01    5.00    27.74
16700004        3.01    5.00    27.74
16721908        3.01    5.00    27.74
16743820        3.01    5.00    27.72
16765708        3.01    5.00    27.25
16787640        3.01    5.00    27.24
16809548        3.01    5.00    28.20
16831432        3.01    5.00    27.73
16853332        3.01    5.00    28.22
16875220        3.01    5.00    28.22
16897136        3.01    5.00    28.22
16919020        3.01    5.00    28.68
16940924        3.01    5.00    28.23
16962848        3.01    5.00    27.72
16984740        3.01    5.00    28.19
17006656        3.01    5.00    27.74
17028548        3.01    5.00    28.22
17050436        3.01    5.00    27.72
17072348        3.01    5.00    28.22
17094236        3.01    5.00    28.68
17116136        3.01    5.00    28.71
17138036        3.01    5.00    28.67
17159924        3.01    5.00    28.71
17181840        3.01    5.00    28.70
17203732        3.01    5.00    28.20
17225620        3.01    5.00    28.23
17247520        3.01    5.00    28.22
17269428        3.01    5.00    28.22
17291328        3.01    5.00    28.69
17313248        3.01    5.00    29.13
17335140        3.01    5.00    28.68
17357052        3.01    5.00    29.18
17378956        3.01    5.00    28.68
17400888        3.01    5.00    28.20
17422808        3.01    5.00    28.18
17444700        3.01    5.00    28.19
17466612        3.01    5.00    28.22
17488528        3.01    5.00    27.72
17510456        3.01    5.00    28.66
17532352        3.01    5.00    28.68
17554276        3.01    5.00    28.67
17576176        3.01    5.00    29.13
17598096        3.01    5.00    28.21
17620000        3.01    5.00    28.65
17641892        3.01    5.00    28.22
17663780        3.01    5.00    28.22
17685680        3.01    5.00    28.22
17707572        3.01    5.00    28.22
17729472        3.01    5.00    28.71
17751364        3.01    5.00    28.68
17773248        3.01    5.00    28.71
17795164        3.01    5.00    29.17
17817064        3.01    5.00    29.16
17838956        3.01    5.00    28.68
17860852        3.01    5.00    28.70
17882756        3.01    5.00    28.71
17904656        3.01    5.00    28.19
17926548        3.01    5.00    28.70
17948436        3.01    5.00    28.71
17970336        3.01    5.00    29.17
17992228        3.01    5.00    29.17
18014116        3.01    5.00    29.66
18036032        3.01    5.00    29.64
18057924        3.01    5.00    29.17
18079824        3.01    5.00    29.17
18101728        3.01    5.00    29.17
18123648        3.01    5.00    28.68
18145548        3.01    5.00    29.14
18167436        3.01    5.00    29.18
18189368        3.01    5.00    29.17
18211260        3.01    5.00    29.61
18233164        3.01    5.00    29.18
18255084        3.01    5.00    29.62
18276972        3.01    5.00    29.16
18298896        3.01    5.00    29.17
18320776        3.01    5.00    29.17
18342684        3.01    5.00    28.69
18364600        3.01    5.00    28.68
18386524        3.01    5.00    28.67
18408412        3.01    5.00    29.61
18430308        3.01    5.00    29.65
18452196        3.01    5.00    29.66
18474088        3.01    5.00    29.66
18495980        3.01    5.00    29.66
18517868        3.01    5.00    29.18
18539760        3.01    5.00    29.17
18561664        3.01    5.00    29.18
18583584        3.01    5.00    28.68
18605508        3.01    5.00    29.15
18627412        3.01    5.00    29.61
18649320        3.01    5.00    30.11
18671212        3.01    5.00    29.64
18693136        3.01    5.00    30.10
18715060        3.01    5.00    30.12
18736964        3.01    5.00    29.64
18758888        3.01    5.00    29.16
18780800        3.01    5.00    29.61
18802704        3.01    5.00    29.15
18824604        3.01    5.00    29.65
18846492        3.01    5.00    29.65
18868408        3.01    5.00    29.66
18890300        3.01    5.00    30.11
18912236        3.01    5.00    30.11
18934144        3.01    5.00    30.57
18956048        3.01    5.00    29.64
18977952        3.01    5.00    30.11
18999844        3.01    5.00    29.65
19021764        3.01    5.00    30.12
19043672        3.01    5.00    29.63
19065576        3.01    5.00    30.60
19087488        3.01    5.00    30.11
19109392        3.01    5.00    30.12
19131312        3.01    5.00    30.10
19153228        3.01    5.00    29.62
19175128        3.01    5.00    30.11
19197064        3.01    5.00    29.64
19218968        3.01    5.00    30.08
19240852        3.01    5.00    29.65
19262768        3.01    5.00    29.64
19284680        3.01    5.00    30.13
19306616        3.01    5.00    30.09
19328512        3.01    5.00    30.10
19350404        3.01    5.00    30.12
19372332        3.01    5.00    30.11
19394244        3.01    5.00    29.64
19416168        3.01    5.00    30.10
19438068        3.01    5.00    29.62
19459968        3.01    5.00    30.14
19481880        3.01    5.00    29.64
19503772        3.01    5.00    30.12
19525688        3.01    5.00    30.12
19547596        3.01    5.00    30.11
19569508        3.01    5.00    30.11
19591420        3.01    5.00    30.11
19613328        3.01    5.00    29.64
19635256        3.01    5.00    29.63
19657148        3.01    5.00    30.10
19679048        3.01    5.00    29.66
19700940        3.01    5.00    30.11
19722832        3.01    5.00    30.14
19744792        3.01    5.00    30.55
19766676        3.01    5.00    30.11
19788624        3.01    5.00    30.56
19810524        3.01    5.00    30.11
19832432        3.01    5.00    30.13
19854332        3.01    5.00    29.62
19876240        3.01    5.00    29.65
19898148        3.01    5.00    30.12
19920080        3.01    5.00    29.62
19942000        3.01    5.00    30.09
19963912        3.01    5.00    30.57
19985812        3.01    5.00    30.11
20007748        3.01    5.00    30.57
20029640        3.01    5.00    30.11
20051544        3.01    5.00    30.14
20073464        3.01    5.00    29.64
20095368        3.01    5.00    30.09
20117252        3.01    5.00    29.66
20139160        3.01    5.00    30.11
20161052        3.01    5.00    30.13
20182980        3.01    5.00    30.59
20204892        3.01    5.00    30.11
20226780        3.01    5.00    30.59
20248720        3.01    5.00    30.58
20270612        3.01    5.00    30.11
20292520        3.01    5.00    30.13
20314452        3.01    5.00    29.62
20336360        3.01    5.00    30.57
20358264        3.01    5.00    30.11
20380172        3.01    5.00    30.58
20402060        3.01    5.00    30.62
20423956        3.01    5.00    30.61
20445864        3.01    5.00    30.14
20467776        3.01    5.00    30.10
20489688        3.01    5.00    30.11
20511592        3.01    5.00    29.64
20533484        3.01    5.00    30.11
20555368        3.01    5.00    30.15
20577288        3.01    5.00    30.14
20599172        3.01    5.00    30.59
20621060        3.01    5.00    30.62
20642976        3.01    5.00    30.61
20664868        3.01    5.00    30.11
20686768        3.01    5.00    30.14
20708684        3.01    5.00    30.11
20730588        3.01    5.00    30.10
20752488        3.01    5.00    30.12
20774380        3.01    5.00    30.13
20796292        3.01    5.00    30.58
20818188        3.01    5.00    30.62
20840076        3.01    5.00    30.61
20862008        3.01    5.00    30.13
20883920        3.01    5.00    30.56
20905832        3.01    5.00    30.57
20927744        3.01    5.00    30.10
20949664        3.01    5.00    29.65
20971592        3.01    5.00    30.09
20993488        3.01    5.00    30.59
21015396        3.01    5.00    30.59
21037324        3.01    5.00    30.57
21059212        3.01    5.00    30.11
21081136        3.01    5.00    30.57
21103040        3.01    5.00    30.14
21124948        3.01    5.00    30.59
21146860        3.01    5.00    29.64
21168748        3.01    5.00    30.12
21190696        3.01    5.00    30.10
21212604        3.01    5.00    30.57
21234516        3.01    5.00    30.58
21256432        3.01    5.00    30.58
21278344        3.01    5.00    30.59
21300240        3.01    5.00    30.59
21322128        3.01    5.00    30.14
21344068        3.01    5.00    30.11
21365976        3.01    5.00    30.56
21387880        3.01    5.00    30.13
21409800        3.01    5.00    30.10
21431708        3.01    5.00    30.58
21453636        3.01    5.00    30.59
21475536        3.01    5.00    31.05
21497420        3.01    5.00    30.62
21519316        3.01    5.00    30.61
21541228        3.01    5.00    30.12
21563132        3.01    5.00    30.60
21585032        3.01    5.00    30.11
21606940        3.01    5.00    30.12
21628836        3.01    5.00    30.59
21650772        3.01    5.00    30.58
21672700        3.01    5.00    30.58
21694592        3.01    5.00    31.05
21716476        3.01    5.00    30.62
21738392        3.01    5.00    30.14
21760300        3.01    5.00    30.57
21782212        3.01    5.00    30.10
21804144        3.01    5.00    30.10
21826036        3.01    5.00    30.59
21847928        3.01    5.00    30.62
21869820        3.01    5.00    30.60
21891708        3.01    5.00    30.62
21913664        3.01    5.00    30.58
21935592        3.01    5.00    31.01
21957508        3.01    5.00    30.12
21979424        3.01    5.00    30.08
22001308        3.01    5.00    30.13
22023224        3.01    5.00    30.13
22045156        3.01    5.00    30.08
22067036        3.01    5.00    30.13
22088988        3.01    5.00    30.56
22110876        3.01    5.00    31.07
22132800        3.01    5.00    30.58
22154724        3.01    5.00    30.13
22176612        3.01    5.00    30.57
22198524        3.01    5.00    30.13
22220436        3.01    5.00    30.59
22242336        3.01    5.00    30.10
22264236        3.01    5.00    30.61
22286132        3.01    5.00    30.60
22308060        3.01    5.00    31.06
22329964        3.01    5.00    30.60
22351852        3.01    5.00    30.60
22373788        3.01    5.00    30.57
22395708        3.01    5.00    30.60
22417604        3.01    5.00    30.56
22439532        3.01    5.00    30.11
22461428        3.01    5.00    30.59
22483380        3.01    5.00    30.58
22505292        3.01    5.00    30.57
22527204        3.01    5.00    31.05
22549104        3.01    5.00    30.60
22571004        3.01    5.00    30.11
22592956        3.01    5.00    30.10
22614848        3.01    5.00    30.56
22636760        3.01    5.00    29.65
22658668        3.01    5.00    29.64
22680564        3.01    5.00    29.63
22702460        3.01    5.00    30.12
22724356        3.01    5.00    30.61
22746276        3.01    5.00    30.58
22768204        3.01    5.00    30.58
22790092        3.01    5.00    30.59
22811988        3.01    5.00    30.14
22833932        3.01    5.00    30.10
22855848        3.01    5.00    30.09
22877764        3.01    5.00    30.12
22899652        3.01    5.00    30.57
22921588        3.01    5.00    30.58
22943488        3.01    5.00    31.07
22965400        3.01    5.00    30.60
22987300        3.01    5.00    30.59
23009220        3.01    5.00    30.12
23031128        3.01    5.00    30.56
23053048        3.01    5.00    29.64
23074968        3.01    5.00    30.09
23096884        3.01    5.00    30.09
23118780        3.01    5.00    30.61
23140708        3.01    5.00    31.04
23162612        3.01    5.00    30.60
23184512        3.01    5.00    30.59
23206420        3.01    5.00    30.61
23228340        3.01    5.00    30.12
23250236        3.01    5.00    30.56
23272136        3.01    5.00    30.14
23294056        3.01    5.00    29.64
23315972        3.01    5.00    30.57
23337876        3.01    5.00    30.12
23359804        3.01    5.00    30.59
23381708        3.01    5.00    31.05
23403632        3.01    5.00    30.57
23425548        3.01    5.00    30.11
23447444        3.01    5.00    30.57
23469368        3.01    5.00    30.59
23491264        3.01    5.00    30.11
23513160        3.01    5.00    30.12
23535092        3.01    5.00    30.12
23557020        3.01    5.00    30.57
23578920        3.01    5.00    31.04
23600804        3.01    5.00    30.62
23622704        3.01    5.00    30.62
23644608        3.01    5.00    30.60
